Timestamp,IR,Red,HeartRate,BeatAvg,FloatAvg,Spo2Avg,DF_robot_heartrate,ECG
2024-05-07 18:05:09,0,96546,115,136,93.00,93.91,0,1
2024-05-07 18:05:10,0,96473,125,126,86.16,93.84,0,1
2024-05-07 18:05:10,0,96564,107,115,78.64,93.78,0,1
2024-05-07 18:05:10,0,96433,166,128,87.53,93.71,0,1
2024-05-07 18:05:11,0,96479,214,153,104.62,93.67,0,1
2024-05-07 18:05:11,0,96380,214,175,119.67,93.63,0,1
2024-05-07 18:05:11,0,96431,214,202,138.13,93.64,0,1
2024-05-07 18:05:12,0,96509,214,214,146.34,93.64,0,1
2024-05-07 18:05:12,0,96433,214,214,146.34,93.64,0,1
2024-05-07 18:05:12,0,96497,214,214,146.34,93.64,0,1
2024-05-07 18:05:13,0,96420,214,214,146.34,93.74,0,1
2024-05-07 18:05:13,0,96474,250,223,152.49,93.85,0,1
2024-05-07 18:05:13,0,96532,250,232,158.65,94.12,0,1
2024-05-07 18:05:14,0,96466,214,232,158.65,94.22,0,1
2024-05-07 18:05:14,0,96505,214,232,158.65,94.35,0,1
2024-05-07 18:05:14,0,96433,214,223,152.49,94.51,0,1
2024-05-07 18:05:15,0,96538,250,223,152.49,94.59,0,1
2024-05-07 18:05:15,0,96584,250,232,158.65,94.67,0,1
2024-05-07 18:05:15,0,96524,250,241,164.80,94.78,0,1
2024-05-07 18:05:16,0,96575,250,250,170.96,95.01,0,1
2024-05-07 18:05:16,0,96545,250,250,170.96,95.22,0,1
2024-05-07 18:05:16,0,96588,250,250,170.96,95.51,0,1
2024-05-07 18:05:17,0,96522,250,250,170.96,95.80,0,1
2024-05-07 18:05:17,0,96548,250,250,170.96,95.93,0,1
2024-05-07 18:05:17,0,96492,214,241,164.80,96.13,0,1
2024-05-07 18:05:18,0,96591,214,232,158.65,96.21,0,1
2024-05-07 18:05:18,0,96554,214,223,152.49,96.29,0,1
2024-05-07 18:05:18,0,96651,214,214,146.34,96.37,0,1
2024-05-07 18:05:19,0,96586,214,214,146.34,96.43,0,1
2024-05-07 18:05:19,0,96611,214,214,146.34,96.46,0,1
2024-05-07 18:05:19,0,96528,214,214,146.34,96.46,0,1
2024-05-07 18:05:20,0,96549,214,214,146.34,96.46,0,1
2024-05-07 18:05:20,0,96476,214,214,146.34,96.46,0,1
2024-05-07 18:05:20,0,96538,214,214,146.34,96.47,0,1
2024-05-07 18:05:21,0,96602,214,214,146.34,96.48,0,1
2024-05-07 18:05:21,0,96603,214,214,146.34,96.50,0,1
2024-05-07 18:05:22,0,96644,214,214,146.34,96.53,0,1
2024-05-07 18:05:22,0,96599,214,214,146.34,96.55,0,1
2024-05-07 18:05:22,0,96654,214,214,146.34,96.57,0,1
2024-05-07 18:05:23,0,96599,214,214,146.34,96.58,0,1
2024-05-07 18:05:23,0,96654,166,202,138.13,96.59,0,1
2024-05-07 18:05:23,0,96738,187,195,133.35,96.60,0,1
2024-05-07 18:05:24,0,96663,187,188,128.56,96.60,0,1
2024-05-07 18:05:24,0,96668,187,181,123.77,96.60,0,1
2024-05-07 18:05:24,0,96559,187,187,127.87,96.60,0,1
2024-05-07 18:05:25,0,96609,187,187,127.87,96.63,0,1
2024-05-07 18:05:25,0,96542,187,187,127.87,96.66,0,1
2024-05-07 18:05:25,0,96536,187,187,127.87,96.69,0,1
2024-05-07 18:05:26,0,96559,187,187,127.87,96.71,0,1
2024-05-07 18:05:26,0,96524,187,187,127.87,96.73,0,1
2024-05-07 18:05:26,0,96590,187,187,127.87,96.75,0,1
