Timestamp,IR,Red,HeartRate,BeatAvg,FloatAvg,Spo2Avg,DF_robot_heartrate,ECG
2024-05-07 18:15:32,100538,100536,125,0,0.00,0.00,0,1
2024-05-07 18:15:32,100519,100494,125,0,0.00,0.00,0,1
2024-05-07 18:15:33,100497,100495,125,0,0.00,0.00,0,1
2024-05-07 18:15:33,100583,100452,125,0,0.00,0.00,0,1
2024-05-07 18:15:34,100485,100501,125,0,0.00,0.00,0,1
2024-05-07 18:15:34,100457,100322,125,0,0.00,0.00,0,1
2024-05-07 18:15:34,100354,100358,125,0,0.00,0.00,0,1
2024-05-07 18:15:35,100252,100270,125,0,0.00,0.00,0,1
2024-05-07 18:15:35,100341,100355,125,0,0.00,0.00,0,1
2024-05-07 18:15:36,100070,100112,125,0,0.00,0.00,0,1
2024-05-07 18:15:36,99835,99860,125,0,0.00,0.00,0,1
2024-05-07 18:15:36,99384,99605,125,0,0.00,0.00,0,1
2024-05-07 18:15:37,100349,100346,125,0,0.00,0.00,0,1
2024-05-07 18:15:37,99267,99256,125,0,0.00,0.00,0,1
2024-05-07 18:15:38,99010,99009,125,0,0.00,0.00,0,1
2024-05-07 18:15:38,99085,99103,125,0,0.00,0.00,0,1
2024-05-07 18:15:38,98992,98970,125,0,0.00,0.00,0,1
2024-05-07 18:15:39,98969,98945,125,0,0.00,0.00,0,1
2024-05-07 18:15:39,98849,98834,125,0,0.00,0.00,0,1
2024-05-07 18:15:40,98666,98690,125,0,0.00,0.00,0,1
2024-05-07 18:15:40,98642,98648,125,0,0.00,0.00,0,1
2024-05-07 18:15:40,98587,98583,125,0,0.00,0.00,0,1
2024-05-07 18:15:41,98596,98553,125,0,0.00,0.00,0,1
2024-05-07 18:15:41,98553,98565,125,127,86.85,97.68,0,1
2024-05-07 18:15:42,98563,98563,125,127,86.85,97.53,0,1
2024-05-07 18:15:42,98555,98562,125,127,86.85,97.38,0,1
2024-05-07 18:15:42,98539,98534,125,125,85.48,97.34,0,1
2024-05-07 18:15:43,98457,98445,125,125,85.48,97.32,0,1
2024-05-07 18:15:43,98460,98460,125,125,85.48,97.20,0,1
2024-05-07 18:15:44,98357,98377,166,135,92.32,97.05,0,1
2024-05-07 18:15:44,98384,98365,166,145,99.15,97.05,0,1
2024-05-07 18:15:44,98401,98390,166,155,105.99,96.91,0,1
2024-05-07 18:15:45,98376,98343,125,155,105.99,96.65,0,1
2024-05-07 18:15:45,98407,98408,125,145,99.15,96.24,0,1
2024-05-07 18:15:46,98423,98444,125,135,92.32,95.80,0,1
2024-05-07 18:15:46,98458,98441,125,125,85.48,95.76,0,1
2024-05-07 18:15:46,98430,98420,125,125,85.48,95.72,0,1
2024-05-07 18:15:47,98341,98362,125,125,85.48,95.23,0,1
2024-05-07 18:15:47,98384,98397,125,125,85.48,95.05,0,1
2024-05-07 18:15:48,98348,98348,166,135,92.32,94.72,0,1
2024-05-07 18:15:48,98356,98367,166,145,99.15,94.29,0,1
2024-05-07 18:15:48,98283,98313,166,155,105.99,94.29,0,1
2024-05-07 18:15:49,98348,98359,166,166,113.51,94.12,0,1
2024-05-07 18:15:49,98290,98326,166,166,113.51,94.12,0,1
2024-05-07 18:15:50,98307,98306,214,178,121.72,94.08,0,1
2024-05-07 18:15:50,98302,98303,166,178,121.72,94.10,0,1
2024-05-07 18:15:50,98294,98294,166,178,121.72,94.12,0,1
2024-05-07 18:15:51,98286,98297,166,178,121.72,94.14,0,1
2024-05-07 18:15:51,98320,98312,214,178,121.72,94.16,0,1
2024-05-07 18:15:52,98288,98296,214,190,129.93,94.18,0,1
2024-05-07 18:15:52,98310,98312,214,202,138.13,94.20,0,1
2024-05-07 18:15:52,98265,98273,214,214,146.34,94.22,0,1
2024-05-07 18:15:53,98294,98282,250,223,152.49,94.24,0,1
2024-05-07 18:15:53,98246,98267,250,232,158.65,94.26,0,1
2024-05-07 18:15:54,98272,98270,214,232,158.65,94.28,0,1
2024-05-07 18:15:54,98236,98239,214,232,158.65,94.30,0,1
2024-05-07 18:15:54,98293,98286,214,223,152.49,94.32,0,1
2024-05-07 18:15:55,98253,98251,214,214,146.34,94.34,0,1
2024-05-07 18:15:55,98256,98253,214,214,146.34,94.36,0,1
2024-05-07 18:15:56,98225,98217,214,214,146.34,94.38,0,1
2024-05-07 18:15:56,98216,98204,214,214,146.34,94.40,0,1
2024-05-07 18:15:56,98232,98228,214,214,146.34,94.42,0,1
2024-05-07 18:15:57,98239,98238,214,214,146.34,94.44,0,1
2024-05-07 18:15:57,98199,98207,214,214,146.34,94.46,0,1
2024-05-07 18:15:58,98208,98196,214,214,146.34,94.48,0,1
2024-05-07 18:15:58,98197,98204,214,214,146.34,94.50,0,1
2024-05-07 18:15:58,98189,98174,136,194,132.66,94.52,0,1
2024-05-07 18:15:59,98202,98217,136,175,119.67,94.54,0,1
2024-05-07 18:15:59,98313,98283,136,155,105.99,94.50,0,1
2024-05-07 18:16:00,98144,98127,136,136,93.00,94.52,0,1
2024-05-07 18:16:00,98166,98137,136,136,93.00,94.54,0,1
2024-05-07 18:16:00,98212,98191,136,136,93.00,94.56,0,1
2024-05-07 18:16:01,98130,98148,136,136,93.00,94.58,0,1
2024-05-07 18:16:01,98124,98127,214,155,105.99,94.60,0,1
2024-05-07 18:16:02,98110,98118,214,175,119.67,94.62,0,1
2024-05-07 18:16:02,98164,98114,214,194,132.66,94.64,0,1
2024-05-07 18:16:02,98136,98135,214,214,146.34,94.66,0,1
2024-05-07 18:16:03,98120,98066,187,207,141.55,94.68,0,1
2024-05-07 18:16:03,98138,98142,187,200,136.76,94.70,0,1
2024-05-07 18:16:04,98152,98081,187,193,131.98,94.72,0,1
2024-05-07 18:16:04,98131,98127,125,171,116.93,94.72,0,1
2024-05-07 18:16:04,98026,98050,125,156,106.68,94.72,0,1
2024-05-07 18:16:05,98054,98051,136,143,97.79,94.72,0,1
2024-05-07 18:16:05,97979,97987,136,130,88.90,94.72,0,1
2024-05-07 18:16:06,98030,98032,136,133,90.95,94.72,0,1
2024-05-07 18:16:06,97997,98032,136,136,93.00,94.72,0,1
2024-05-07 18:16:06,98045,98045,136,136,93.00,94.72,0,1
2024-05-07 18:16:07,98033,98031,136,136,93.00,94.72,0,1
