Timestamp,IR,Red,HeartRate,BeatAvg,FloatAvg,Spo2Avg,DF_robot_heartrate,ECG
2024-05-07 18:18:48,103466,103568,125,0,0.00,0.00,0,1
2024-05-07 18:18:49,103230,103282,125,0,0.00,0.00,0,1
2024-05-07 18:18:49,102996,102985,125,0,0.00,0.00,0,1
2024-05-07 18:18:49,102624,102285,125,0,0.00,0.00,0,1
2024-05-07 18:18:50,101910,101842,125,0,0.00,0.00,0,1
2024-05-07 18:18:50,101753,101779,125,0,0.00,0.00,0,1
2024-05-07 18:18:51,101857,101868,125,0,0.00,0.00,0,1
2024-05-07 18:18:51,102000,102062,125,0,0.00,0.00,0,1
2024-05-07 18:18:51,102184,102193,125,0,0.00,0.00,0,1
2024-05-07 18:18:52,102160,102078,125,0,0.00,0.00,0,1
2024-05-07 18:18:52,102064,102046,125,0,0.00,0.00,0,1
2024-05-07 18:18:53,101904,101915,125,0,0.00,0.00,0,1
2024-05-07 18:18:53,101898,101812,125,0,0.00,0.00,0,1
2024-05-07 18:18:53,101789,101784,125,0,0.00,0.00,0,1
2024-05-07 18:18:54,101673,101674,125,0,0.00,0.00,0,1
2024-05-07 18:18:54,101635,101566,125,0,0.00,0.00,0,1
2024-05-07 18:18:55,101564,101564,125,0,0.00,0.00,0,1
2024-05-07 18:18:55,101478,101522,125,0,0.00,0.00,0,1
2024-05-07 18:18:55,101512,101510,125,0,0.00,0.00,0,1
2024-05-07 18:18:56,101457,101456,125,0,0.00,0.00,0,1
2024-05-07 18:18:56,101489,101447,125,0,0.00,0.00,0,1
2024-05-07 18:18:57,101474,101492,125,0,0.00,0.00,0,1
2024-05-07 18:18:57,101418,101460,125,0,0.00,0.00,0,1
2024-05-07 18:18:57,101511,101506,125,0,0.00,0.00,0,1
2024-05-07 18:18:58,101471,101460,125,0,0.00,0.00,0,1
2024-05-07 18:18:58,101420,101399,125,0,0.00,0.00,0,1
2024-05-07 18:18:59,101416,101420,125,0,0.00,0.00,0,1
2024-05-07 18:18:59,101412,101419,125,0,0.00,0.00,0,1
2024-05-07 18:18:59,101427,101343,125,0,0.00,0.00,0,1
2024-05-07 18:19:00,101373,101389,125,0,0.00,0.00,0,1
2024-05-07 18:19:00,101289,101336,125,0,0.00,0.00,0,1
2024-05-07 18:19:01,101382,101368,125,0,0.00,0.00,0,1
2024-05-07 18:19:01,101328,101349,125,0,0.00,0.00,0,1
2024-05-07 18:19:01,101376,101380,125,0,0.00,0.00,0,1
2024-05-07 18:19:02,101701,102097,125,0,0.00,0.00,0,1
2024-05-07 18:19:02,102665,102587,125,0,0.00,0.00,0,1
2024-05-07 18:19:03,99759,98180,125,0,0.00,0.00,0,1
2024-05-07 18:19:03,95517,96881,125,0,0.00,0.00,0,1
2024-05-07 18:19:03,99340,99537,125,0,0.00,0.00,0,1
2024-05-07 18:19:04,99586,99621,125,0,0.00,0.00,0,1
2024-05-07 18:19:04,99775,99812,125,0,0.00,0.00,0,1
2024-05-07 18:19:05,99864,99860,125,0,0.00,0.00,0,1
2024-05-07 18:19:05,99844,99682,125,0,0.00,0.00,0,1
2024-05-07 18:19:05,99857,99885,125,0,0.00,0.00,0,1
2024-05-07 18:19:06,99786,99847,125,0,0.00,0.00,0,1
2024-05-07 18:19:06,99920,99926,125,0,0.00,0.00,0,1
2024-05-07 18:19:07,99851,99850,125,0,0.00,0.00,0,1
2024-05-07 18:19:07,99921,99702,125,0,0.00,0.00,0,1
2024-05-07 18:19:07,99834,99866,125,0,0.00,0.00,0,1
2024-05-07 18:19:08,99661,99748,125,0,0.00,0.00,0,1
2024-05-07 18:19:08,99868,99909,125,0,0.00,0.00,0,1
2024-05-07 18:19:09,99789,99849,125,0,0.00,0.00,0,1
2024-05-07 18:19:09,99888,99895,125,0,0.00,0.00,0,1
2024-05-07 18:19:09,99776,99751,125,0,0.00,0.00,0,1
2024-05-07 18:19:10,99688,99553,125,0,0.00,0.00,0,1
2024-05-07 18:19:10,99729,99765,125,0,0.00,0.00,0,1
2024-05-07 18:19:11,99581,99668,125,0,0.00,0.00,0,1
2024-05-07 18:19:11,99742,99755,125,0,0.00,0.00,0,1
2024-05-07 18:19:11,99632,99651,125,0,0.00,0.00,0,1
2024-05-07 18:19:12,99744,99763,125,0,0.00,0.00,0,1
2024-05-07 18:19:12,99676,99669,125,0,0.00,0.00,0,1
2024-05-07 18:19:13,99784,99569,125,0,0.00,0.00,0,1
2024-05-07 18:19:13,99680,99715,125,0,0.00,0.00,0,1
2024-05-07 18:19:13,99510,99611,125,0,0.00,0.00,0,1
2024-05-07 18:19:14,99684,99702,125,0,0.00,0.00,0,1
2024-05-07 18:19:14,99589,99588,125,0,0.00,0.00,0,1
2024-05-07 18:19:15,99681,99491,125,0,0.00,0.00,0,1
2024-05-07 18:19:15,99572,99600,125,0,0.00,0.00,0,1
2024-05-07 18:19:15,99514,99458,125,0,0.00,0.00,0,1
2024-05-07 18:19:16,99618,99663,125,0,0.00,0.00,0,1
2024-05-07 18:19:16,99493,99562,125,0,0.00,0.00,0,1
2024-05-07 18:19:17,99654,99644,125,0,0.00,0.00,0,1
2024-05-07 18:19:17,99551,99539,125,0,0.00,0.00,0,1
2024-05-07 18:19:17,99518,99359,125,0,0.00,0.00,0,1
2024-05-07 18:19:18,99524,99569,125,0,0.00,0.00,0,1
2024-05-07 18:19:18,99317,99426,125,0,0.00,0.00,0,1
2024-05-07 18:19:19,99528,99545,125,0,0.00,0.00,0,1
2024-05-07 18:19:19,99312,99417,125,0,0.00,0.00,0,1
2024-05-07 18:19:19,99528,99553,125,0,0.00,0.00,0,1
2024-05-07 18:19:20,99348,99438,125,0,0.00,0.00,0,1
2024-05-07 18:19:20,99536,99563,125,0,0.00,0.00,0,1
2024-05-07 18:19:21,99343,99450,125,0,0.00,0.00,0,1
2024-05-07 18:19:21,99557,99586,125,0,0.00,0.00,0,1
2024-05-07 18:19:21,99420,99488,125,0,0.00,0.00,0,1
2024-05-07 18:19:22,99557,99566,125,0,0.00,0.00,0,1
2024-05-07 18:19:22,99433,99448,125,0,0.00,0.00,0,1
2024-05-07 18:19:23,99539,99549,125,0,0.00,0.00,0,1
2024-05-07 18:19:23,99434,99434,125,0,0.00,0.00,0,1
2024-05-07 18:19:23,99526,99516,125,0,0.00,0.00,0,1
2024-05-07 18:19:24,99413,99415,125,0,0.00,0.00,0,1
2024-05-07 18:19:24,99518,99493,125,0,0.00,0.00,0,1
2024-05-07 18:19:25,99414,99417,125,0,0.00,0.00,0,1
2024-05-07 18:19:25,99522,99453,250,162,110.78,97.94,0,1
2024-05-07 18:19:25,99429,99439,250,193,131.98,97.91,0,1
2024-05-07 18:19:26,99514,99315,250,225,153.86,97.88,0,1
2024-05-07 18:19:26,99438,99472,250,250,170.96,97.85,0,1
2024-05-07 18:19:27,99253,99351,250,250,170.96,97.82,0,1
2024-05-07 18:19:27,99414,99434,250,250,170.96,97.79,0,1
2024-05-07 18:19:27,99295,99335,214,241,164.80,97.79,0,1
2024-05-07 18:19:28,99402,99413,214,232,158.65,97.79,0,1
2024-05-07 18:19:28,99296,99311,214,223,152.49,97.79,0,1
2024-05-07 18:19:29,99378,99395,214,214,146.34,97.79,0,1
2024-05-07 18:19:29,99328,99319,214,214,146.34,97.79,0,1
2024-05-07 18:19:29,99412,99320,214,214,146.34,97.79,0,1
2024-05-07 18:19:30,99330,99347,187,207,141.55,97.81,0,1
2024-05-07 18:19:30,99209,99234,187,200,136.76,97.83,0,1
2024-05-07 18:19:31,99359,99385,187,193,131.98,97.85,0,1
2024-05-07 18:19:31,99250,99277,166,181,123.77,97.85,0,1
2024-05-07 18:19:31,99335,99152,250,197,134.71,97.85,0,1
2024-05-07 18:19:32,99195,99222,214,204,139.50,97.85,0,1
2024-05-07 18:19:32,99000,99088,214,211,144.29,97.85,0,1
2024-05-07 18:19:33,99201,99231,250,232,158.65,97.86,0,1
2024-05-07 18:19:33,99108,99159,187,216,147.71,97.86,0,1
2024-05-07 18:19:33,99255,99267,214,216,147.71,97.83,0,1
2024-05-07 18:19:34,99164,99133,214,216,147.71,97.80,0,1
2024-05-07 18:19:34,99016,98939,214,207,141.55,97.77,0,1
2024-05-07 18:19:35,99090,99128,250,223,152.49,97.74,0,1
2024-05-07 18:19:35,98948,99029,214,223,152.49,97.71,0,1
2024-05-07 18:19:35,99147,99165,214,223,152.49,97.68,0,1
2024-05-07 18:19:36,98998,99045,115,198,135.40,97.65,0,1
2024-05-07 18:19:36,99153,99172,115,164,112.15,97.62,0,1
2024-05-07 18:19:37,99015,99072,115,139,95.05,97.59,0,1
2024-05-07 18:19:37,99165,99188,115,115,78.64,97.56,0,1
2024-05-07 18:19:37,99083,99095,115,115,78.64,97.56,0,1
2024-05-07 18:19:38,99145,99113,115,115,78.64,97.56,0,1
2024-05-07 18:19:38,99049,99027,115,115,78.64,97.56,0,1
2024-05-07 18:19:39,99095,98900,115,115,78.64,97.04,0,1
2024-05-07 18:19:39,99070,99114,115,115,78.64,97.03,0,1
2024-05-07 18:19:39,98958,99029,115,115,78.64,97.03,0,1
2024-05-07 18:19:40,99136,99133,115,115,78.64,97.05,0,1
2024-05-07 18:19:40,99235,99239,115,115,78.64,97.05,0,1
2024-05-07 18:19:41,98654,98770,115,115,78.64,97.07,0,1
2024-05-07 18:19:41,99096,99152,93,109,74.54,96.86,0,1
2024-05-07 18:19:41,98460,98455,93,104,71.12,96.85,0,1
2024-05-07 18:19:42,98892,98820,93,98,67.01,96.84,0,1
2024-05-07 18:19:42,97879,97852,93,93,63.60,96.83,0,1
2024-05-07 18:19:43,98486,98584,93,93,63.60,96.82,0,1
2024-05-07 18:19:43,97609,97693,93,93,63.60,96.73,0,1
2024-05-07 18:19:43,98224,98284,93,93,63.60,96.73,0,1
2024-05-07 18:19:44,97342,97509,68,86,58.81,95.96,0,1
2024-05-07 18:19:44,98082,98201,51,76,51.97,95.97,0,1
2024-05-07 18:19:45,97217,97381,51,65,44.45,95.99,0,1
2024-05-07 18:19:45,97958,98146,34,51,34.88,96.01,0,1
2024-05-07 18:19:45,97531,97237,34,42,28.72,96.03,0,1
2024-05-07 18:19:46,97874,98077,34,38,25.99,96.05,0,1
2024-05-07 18:19:46,98237,97194,34,34,23.25,96.07,0,1
2024-05-07 18:19:47,97739,97921,51,38,25.99,96.08,0,1
2024-05-07 18:19:47,98277,98318,34,38,25.99,96.10,0,1
2024-05-07 18:19:47,97739,97778,51,42,28.72,96.10,0,1
2024-05-07 18:19:48,98262,98305,51,46,31.46,96.10,0,1
2024-05-07 18:19:48,97639,97826,51,46,31.46,96.08,0,1
2024-05-07 18:19:49,98253,98304,51,51,34.88,96.06,0,1
2024-05-07 18:19:49,97556,97954,53,51,34.88,96.08,0,1
2024-05-07 18:19:49,98224,98286,115,67,45.82,96.10,0,1
2024-05-07 18:19:50,97804,97966,115,83,56.76,96.12,0,1
2024-05-07 18:19:50,98268,98302,115,99,67.70,96.14,0,1
2024-05-07 18:19:51,97798,97903,115,115,78.64,96.16,0,1
2024-05-07 18:19:51,98237,98269,115,115,78.64,96.18,0,1
2024-05-07 18:19:51,97685,97809,115,115,78.64,96.20,0,1
2024-05-07 18:19:52,98241,98288,115,115,78.64,96.22,0,1
2024-05-07 18:19:52,97682,97868,115,115,78.64,96.24,0,1
2024-05-07 18:19:53,98214,98252,115,115,78.64,96.26,0,1
2024-05-07 18:19:53,97802,97941,166,127,86.85,96.24,0,1
2024-05-07 18:19:53,98208,98236,166,140,95.74,96.26,0,1
2024-05-07 18:19:54,97798,97898,166,153,104.62,96.24,0,1
2024-05-07 18:19:54,98201,98226,166,166,113.51,96.22,0,1
2024-05-07 18:19:55,97765,97883,166,166,113.51,96.20,0,1
2024-05-07 18:19:55,98213,98239,150,162,110.78,96.21,0,1
2024-05-07 18:19:55,97676,97807,187,167,114.20,96.22,0,1
2024-05-07 18:19:56,98177,98221,187,172,117.62,96.23,0,1
2024-05-07 18:19:56,97596,97805,187,177,121.04,96.24,0,1
2024-05-07 18:19:57,98173,98214,187,187,127.87,96.25,0,1
2024-05-07 18:19:57,97744,97875,187,187,127.87,96.27,0,1
2024-05-07 18:19:57,98183,98212,187,187,127.87,96.25,0,1
2024-05-07 18:19:58,97674,97779,187,187,127.87,96.26,0,1
2024-05-07 18:19:58,98142,98179,187,187,127.87,96.27,0,1
2024-05-07 18:19:59,97621,97741,187,187,127.87,95.98,0,1
2024-05-07 18:19:59,98119,98164,187,187,127.87,95.99,0,1
2024-05-07 18:19:59,97424,97689,187,187,127.87,95.97,0,1
2024-05-07 18:20:00,98079,98152,187,187,127.87,95.95,0,1
2024-05-07 18:20:00,97273,97754,187,187,127.87,95.96,0,1
2024-05-07 18:20:01,98113,98200,187,187,127.87,95.96,0,1
2024-05-07 18:20:01,97531,97878,187,187,127.87,95.97,0,1
2024-05-07 18:20:01,98172,98221,187,187,127.87,95.95,0,1
2024-05-07 18:20:02,97789,97903,187,187,127.87,95.00,0,1
2024-05-07 18:20:02,98199,98229,136,174,118.99,94.99,0,1
2024-05-07 18:20:03,97807,97897,136,161,110.10,94.98,0,1
2024-05-07 18:20:03,98181,98221,136,148,101.21,94.98,0,1
2024-05-07 18:20:03,97849,97936,136,136,93.00,94.98,0,1
2024-05-07 18:20:04,98200,98229,136,136,93.00,94.98,0,1
2024-05-07 18:20:04,97837,97943,115,130,88.90,94.97,0,1
2024-05-07 18:20:05,98195,98226,115,125,85.48,94.96,0,1
2024-05-07 18:20:05,97906,97990,136,125,85.48,94.96,0,1
2024-05-07 18:20:05,98216,98244,136,125,85.48,94.96,0,1
2024-05-07 18:20:06,97966,97944,136,130,88.90,94.96,0,1
2024-05-07 18:20:06,98244,98272,187,148,101.21,94.98,0,1
2024-05-07 18:20:07,97862,97873,187,161,110.10,94.98,0,1
2024-05-07 18:20:07,98224,98257,166,169,115.57,94.98,0,1
2024-05-07 18:20:07,97970,98011,166,176,120.35,94.98,0,1
2024-05-07 18:20:08,98240,98268,166,171,116.93,94.98,0,1
2024-05-07 18:20:08,98083,98083,150,162,110.78,94.98,0,1
2024-05-07 18:20:09,98238,97725,136,154,105.31,94.98,0,1
2024-05-07 18:20:09,98084,98172,136,147,100.52,94.99,0,1
2024-05-07 18:20:09,97870,98012,136,139,95.05,95.00,0,1
2024-05-07 18:20:10,98171,97719,136,136,93.00,95.01,0,1
2024-05-07 18:20:10,97893,97951,136,136,93.00,95.02,0,1
2024-05-07 18:20:11,97069,97354,136,136,93.00,95.03,0,1
2024-05-07 18:20:11,97909,98013,125,133,90.95,95.07,0,1
2024-05-07 18:20:11,97076,97289,125,130,88.90,95.10,0,1
2024-05-07 18:20:12,97650,97730,125,127,86.85,95.14,0,1
2024-05-07 18:20:12,97013,97176,125,125,85.48,95.18,0,1
2024-05-07 18:20:13,97754,97571,125,125,85.48,95.23,0,1
2024-05-07 18:20:13,97350,97378,125,125,85.48,95.26,0,1
2024-05-07 18:20:13,97772,96777,150,131,89.58,95.30,0,1
2024-05-07 18:20:14,97355,97550,150,137,93.68,95.27,0,1
2024-05-07 18:20:14,97904,97406,150,143,97.79,95.23,0,1
2024-05-07 18:20:15,97377,97390,150,150,102.57,95.21,0,1
2024-05-07 18:20:15,97821,97128,125,143,97.79,95.21,0,1
2024-05-07 18:20:15,97335,97432,125,137,93.68,95.20,0,1
2024-05-07 18:20:16,97850,97167,125,131,89.58,95.20,0,1
2024-05-07 18:20:16,98536,99247,125,125,85.48,95.23,0,1
2024-05-07 18:20:17,90734,55762,136,127,86.85,95.25,0,1
2024-05-07 18:20:17,52797,67262,53,109,74.54,95.25,0,1
2024-05-07 18:20:17,101738,94887,125,109,74.54,95.25,0,1
2024-05-07 18:20:18,10744,56183,-999,109,74.54,95.25,0,1
2024-05-07 18:20:20,110949,111024,125,109,74.54,95.25,0,1
2024-05-07 18:20:21,111193,111267,55,89,60.86,95.25,0,1
2024-05-07 18:20:21,111267,111452,125,107,73.17,95.25,0,1
2024-05-07 18:20:21,111748,111677,115,105,71.80,95.25,0,1
2024-05-07 18:20:23,111455,111503,125,105,71.80,95.25,0,1
2024-05-07 18:20:23,111466,111519,150,128,87.53,95.30,0,1
2024-05-07 18:20:24,111586,111584,136,131,89.58,95.34,0,1
2024-05-07 18:20:25,111745,111573,136,136,93.00,95.38,0,1
2024-05-07 18:20:25,111656,111671,136,139,95.05,95.41,0,1
2024-05-07 18:20:26,111565,111628,125,133,90.95,95.41,0,1
2024-05-07 18:20:27,111490,111559,125,130,88.90,95.46,0,1
2024-05-07 18:20:27,112124,111825,166,138,94.37,95.45,0,1
2024-05-07 18:20:28,111837,111883,214,157,107.36,95.50,0,1
2024-05-07 18:20:29,111755,111732,214,179,122.40,95.55,0,1
2024-05-07 18:20:30,111346,111565,187,195,133.35,96.08,0,1
2024-05-07 18:20:30,111934,112010,187,200,136.76,96.10,0,1
2024-05-07 18:20:31,111094,111057,166,188,128.56,96.06,0,1
2024-05-07 18:20:32,111536,111666,115,163,111.46,96.00,0,1
2024-05-07 18:20:32,111265,111284,115,145,99.15,95.94,0,1
2024-05-07 18:20:33,111515,110844,115,127,86.85,96.11,0,1
2024-05-07 18:20:33,111134,111279,125,117,80.01,96.08,0,1
2024-05-07 18:20:33,110784,111002,125,120,82.06,96.05,0,1
2024-05-07 18:20:34,111214,111314,125,122,83.43,96.02,0,1
2024-05-07 18:20:34,110959,110867,166,135,92.32,95.97,0,1
2024-05-07 18:20:35,110971,110393,166,145,99.15,96.02,0,1
2024-05-07 18:20:35,110514,110585,166,155,105.99,95.98,0,1
2024-05-07 18:20:35,110135,110155,125,155,105.99,95.98,0,1
2024-05-07 18:20:36,101774,99276,125,145,99.15,95.98,0,1
2024-05-07 18:20:36,97588,97457,125,135,92.32,95.98,0,1
2024-05-07 18:20:37,97396,97426,136,127,86.85,95.98,0,1
2024-05-07 18:20:37,97518,97561,100,121,82.74,96.62,0,1
2024-05-07 18:20:37,97591,97483,100,115,78.64,96.52,0,1
2024-05-07 18:20:38,97533,97540,100,109,74.54,96.48,0,1
2024-05-07 18:20:38,97412,97426,93,98,67.01,96.44,0,1
2024-05-07 18:20:39,97429,97416,93,96,65.65,96.40,0,1
2024-05-07 18:20:39,97310,97327,107,98,67.01,96.40,0,1
2024-05-07 18:20:39,97311,97318,115,102,69.75,96.26,0,1
2024-05-07 18:20:40,97310,97310,107,105,71.80,96.14,0,1
2024-05-07 18:20:40,97334,97295,107,109,74.54,96.01,0,1
2024-05-07 18:20:41,97340,97356,107,109,74.54,95.90,0,1
2024-05-07 18:20:41,97320,97313,107,107,73.17,95.79,0,1
2024-05-07 18:20:41,97333,97342,107,107,73.17,95.70,0,1
2024-05-07 18:20:42,97294,97317,71,98,67.01,95.70,0,1
2024-05-07 18:20:42,97305,97300,71,89,60.86,95.70,0,1
2024-05-07 18:20:43,97259,97274,88,84,57.44,95.70,0,1
2024-05-07 18:20:43,97265,97265,88,79,54.02,95.70,0,1
2024-05-07 18:20:43,97257,97258,88,83,56.76,95.70,0,1
2024-05-07 18:20:44,97297,97306,88,88,60.18,95.70,0,1
2024-05-07 18:20:44,97266,97257,88,88,60.18,95.70,0,1
2024-05-07 18:20:45,97243,97235,88,88,60.18,95.70,0,1
2024-05-07 18:20:45,97240,97230,78,85,58.13,95.70,0,1
2024-05-07 18:20:45,97228,97233,78,83,56.76,95.31,0,1
2024-05-07 18:20:46,97176,97178,100,86,58.81,95.27,0,1
2024-05-07 18:20:46,97165,97159,100,89,60.86,95.20,0,1
2024-05-07 18:20:47,97080,97114,100,94,64.28,95.13,0,1
2024-05-07 18:20:47,97133,97136,100,100,68.38,95.06,0,1
2024-05-07 18:20:47,97082,97106,100,100,68.38,94.64,0,1
2024-05-07 18:20:48,97119,97115,100,100,68.38,94.57,0,1
2024-05-07 18:20:48,97051,97068,100,100,68.38,94.51,0,1
2024-05-07 18:20:49,97048,97050,100,100,68.38,94.50,0,1
2024-05-07 18:20:49,97005,97013,100,100,68.38,94.49,0,1
2024-05-07 18:20:49,97037,97039,125,106,72.49,94.48,0,1
2024-05-07 18:20:50,96998,97002,125,112,76.59,94.51,0,1
2024-05-07 18:20:50,97025,97023,125,118,80.69,94.50,0,1
2024-05-07 18:20:51,96982,96994,125,125,85.48,94.53,0,1
2024-05-07 18:20:51,96991,96986,115,122,83.43,94.56,0,1
2024-05-07 18:20:51,96936,96953,115,120,82.06,94.59,0,1
2024-05-07 18:20:52,96948,96943,250,151,103.26,94.59,0,1
2024-05-07 18:20:52,96949,96938,250,182,124.46,94.59,0,1
2024-05-07 18:20:53,96921,96928,250,216,147.71,94.39,0,1
2024-05-07 18:20:53,96883,96886,150,225,153.86,94.16,0,1
2024-05-07 18:20:53,96902,96860,150,200,136.76,93.69,0,1
2024-05-07 18:20:54,96852,96861,136,171,116.93,93.21,0,1
2024-05-07 18:20:54,96848,96799,214,162,110.78,93.24,0,1
2024-05-07 18:20:55,96834,96832,214,178,121.72,93.24,0,1
2024-05-07 18:20:55,96802,96775,214,194,132.66,93.24,0,1
2024-05-07 18:20:55,96817,96823,214,214,146.34,93.54,0,1
2024-05-07 18:20:56,96792,96787,166,202,138.13,93.54,0,1
2024-05-07 18:20:56,96808,96818,166,190,129.93,93.57,0,1
2024-05-07 18:20:57,96760,96769,166,178,121.72,93.60,0,1
2024-05-07 18:20:57,96780,96786,150,162,110.78,93.38,0,1
2024-05-07 18:20:57,96719,96724,150,158,108.04,93.38,0,1
2024-05-07 18:20:58,96733,96738,150,154,105.31,93.38,0,1
2024-05-07 18:20:58,96687,96705,150,150,102.57,93.38,0,1
2024-05-07 18:20:59,96734,96743,136,146,99.84,93.39,0,1
2024-05-07 18:20:59,96675,96694,136,143,97.79,93.39,0,1
2024-05-07 18:20:59,96712,96727,136,139,95.05,93.42,0,1
2024-05-07 18:21:00,96668,96671,136,136,93.00,94.38,0,1
2024-05-07 18:21:00,96680,96697,136,136,93.00,94.37,0,1
2024-05-07 18:21:01,96660,96666,136,136,93.00,94.39,0,1
2024-05-07 18:21:01,96692,96701,136,136,93.00,94.40,0,1
2024-05-07 18:21:01,96659,96669,136,136,93.00,94.41,0,1
2024-05-07 18:21:02,96690,96696,187,148,101.21,94.42,0,1
2024-05-07 18:21:02,96654,96645,187,161,110.10,94.44,0,1
2024-05-07 18:21:03,96688,96629,187,174,118.99,94.46,0,1
2024-05-07 18:21:03,96631,96641,187,187,127.87,94.45,0,1
2024-05-07 18:21:03,96582,96603,187,187,127.87,94.47,0,1
2024-05-07 18:21:04,96658,96649,214,193,131.98,94.48,0,1
2024-05-07 18:21:04,96601,96602,187,193,131.98,94.49,0,1
2024-05-07 18:21:05,96641,96631,166,188,128.56,94.25,0,1
2024-05-07 18:21:05,96581,96592,136,175,119.67,94.23,0,1
2024-05-07 18:21:05,96614,96615,214,175,119.67,94.24,0,1
2024-05-07 18:21:06,96558,96557,214,182,124.46,94.24,0,1
2024-05-07 18:21:06,96560,96562,214,194,132.66,94.03,0,1
2024-05-07 18:21:07,96534,96528,214,214,146.34,93.82,0,1
2024-05-07 18:21:07,96550,96556,214,214,146.34,93.61,0,1
2024-05-07 18:21:07,96516,96526,214,214,146.34,93.61,0,1
2024-05-07 18:21:08,96544,96443,214,214,146.34,93.43,0,1
2024-05-07 18:21:08,96460,96461,214,214,146.34,93.25,0,1
2024-05-07 18:21:09,96447,96386,214,214,146.34,93.26,0,1
2024-05-07 18:21:09,96454,96470,214,214,146.34,92.96,0,1
2024-05-07 18:21:09,96380,96412,250,223,152.49,92.78,0,1
2024-05-07 18:21:10,96459,96480,214,223,152.49,92.78,0,1
2024-05-07 18:21:10,96389,96431,214,223,152.49,92.78,0,1
2024-05-07 18:21:11,96479,96504,214,223,152.49,92.78,0,1
2024-05-07 18:21:11,96427,96470,214,214,146.34,92.78,0,1
2024-05-07 18:21:11,96484,96484,214,214,146.34,92.78,0,1
2024-05-07 18:21:12,96440,96449,187,207,141.55,92.78,0,1
2024-05-07 18:21:12,96471,96476,187,200,136.76,92.78,0,1
2024-05-07 18:21:13,96405,96410,187,193,131.98,92.78,0,1
2024-05-07 18:21:13,96460,96457,187,187,127.87,92.54,0,1
2024-05-07 18:21:13,96337,96364,214,193,131.98,92.54,0,1
2024-05-07 18:21:14,96429,96445,166,188,128.56,92.54,0,1
2024-05-07 18:21:14,96337,96387,166,183,125.14,92.54,0,1
2024-05-07 18:21:15,96438,96458,166,178,121.72,92.54,0,1
2024-05-07 18:21:15,96387,96421,187,171,116.93,92.54,0,1
2024-05-07 18:21:15,96439,96452,187,176,120.35,92.54,0,1
2024-05-07 18:21:16,96411,96430,166,176,120.35,92.54,0,1
2024-05-07 18:21:16,96458,96467,166,176,120.35,92.54,0,1
2024-05-07 18:21:17,96217,96295,166,171,116.93,92.54,0,1
2024-05-07 18:21:17,96366,96386,187,171,116.93,92.54,0,1
2024-05-07 18:21:17,96228,96263,187,176,120.35,92.54,0,1
2024-05-07 18:21:18,96383,96390,187,181,123.77,92.54,0,1
2024-05-07 18:21:18,96230,96253,136,174,118.99,92.54,0,1
2024-05-07 18:21:19,96369,96089,136,161,110.10,92.54,0,1
2024-05-07 18:21:19,96180,96238,136,148,101.21,92.54,0,1
2024-05-07 18:21:19,96092,95756,136,136,93.00,92.54,0,1
2024-05-07 18:21:20,96105,96208,136,136,93.00,92.53,0,1
2024-05-07 18:21:20,95886,95719,136,136,93.00,92.50,0,1
2024-05-07 18:21:21,96027,96159,136,136,93.00,92.53,0,1
2024-05-07 18:21:21,96034,95681,88,124,84.79,92.53,0,1
2024-05-07 18:21:21,96037,96166,88,112,76.59,92.53,0,1
2024-05-07 18:21:22,96085,95705,125,109,74.54,92.14,0,1
2024-05-07 18:21:22,96107,96194,125,106,72.49,91.73,0,1
2024-05-07 18:21:23,95646,95700,150,122,83.43,91.47,0,1
2024-05-07 18:21:23,95991,96132,166,141,96.42,91.21,0,1
2024-05-07 18:21:23,95517,95585,150,147,100.52,91.23,0,1
2024-05-07 18:21:24,95982,96116,150,154,105.31,90.82,0,1
2024-05-07 18:21:24,95699,95674,150,154,105.31,90.42,0,1
2024-05-07 18:21:25,95949,96009,150,150,102.57,89.99,0,1
2024-05-07 18:21:25,95821,95840,150,150,102.57,89.57,0,1
2024-05-07 18:21:25,95580,95124,150,150,102.57,89.15,0,1
2024-05-07 18:21:26,94928,94869,125,143,97.79,88.74,0,1
2024-05-07 18:21:26,1140,1860,-999,143,97.79,88.74,0,1
2024-05-07 18:21:29,111151,111282,166,147,100.52,88.67,0,1
2024-05-07 18:21:29,110432,110175,150,147,100.52,88.66,0,1
2024-05-07 18:21:29,110601,110929,166,151,103.26,88.59,0,1
2024-05-07 18:21:30,110237,110603,166,162,110.78,88.52,0,1
2024-05-07 18:21:31,111142,110140,166,162,110.78,88.46,0,1
2024-05-07 18:21:31,110759,110963,166,166,113.51,88.19,0,1
2024-05-07 18:21:32,110663,110116,166,166,113.51,88.18,0,1
2024-05-07 18:21:33,111302,110395,166,166,113.51,88.17,0,1
2024-05-07 18:21:34,111058,111226,166,166,113.51,88.16,0,1
2024-05-07 18:21:34,110395,110703,187,171,116.93,88.22,0,1
2024-05-07 18:21:35,111458,110651,214,183,125.14,88.28,0,1
2024-05-07 18:21:36,111045,111204,187,188,128.56,88.34,0,1
2024-05-07 18:21:36,110925,110542,187,193,131.98,88.33,0,1
2024-05-07 18:21:37,111533,110838,136,181,123.77,88.41,0,1
2024-05-07 18:21:38,110972,111100,136,161,110.10,88.47,0,1
2024-05-07 18:21:38,111514,110624,136,148,101.21,88.53,0,1
2024-05-07 18:21:39,110954,111116,150,139,95.05,88.68,0,1
2024-05-07 18:21:39,111539,110689,136,139,95.05,88.72,0,1
2024-05-07 18:21:39,111029,111178,136,139,95.05,88.69,0,1
2024-05-07 18:21:40,111577,110729,136,139,95.05,88.66,0,1
2024-05-07 18:21:40,111100,111245,125,133,90.95,88.70,0,1
2024-05-07 18:21:41,110601,110586,125,130,88.90,88.70,0,1
2024-05-07 18:21:41,111213,111369,187,143,97.79,88.56,0,1
2024-05-07 18:21:41,110445,110856,187,156,106.68,88.41,0,1
2024-05-07 18:21:42,111294,111429,214,178,121.72,88.43,0,1
2024-05-07 18:21:42,110698,110961,214,200,136.76,88.56,0,1
2024-05-07 18:21:43,111393,111482,214,207,141.55,88.68,0,1
2024-05-07 18:21:43,110817,111023,214,214,146.34,88.80,0,1
2024-05-07 18:21:43,111491,111570,187,207,141.55,88.95,0,1
2024-05-07 18:21:44,111214,111224,187,200,136.76,88.74,0,1
2024-05-07 18:21:44,111600,111519,187,193,131.98,88.53,0,1
2024-05-07 18:21:45,111122,111121,187,187,127.87,88.35,0,1
2024-05-07 18:21:45,111462,110515,150,177,121.04,88.35,0,1
2024-05-07 18:21:45,111068,111227,150,168,114.88,88.35,0,1
2024-05-07 18:21:46,111294,110457,150,159,108.73,88.35,0,1
2024-05-07 18:21:46,111209,111385,150,150,102.57,88.35,0,1
2024-05-07 18:21:47,110810,110904,187,159,108.73,88.35,0,1
2024-05-07 18:21:47,111336,111485,187,168,114.88,88.35,0,1
2024-05-07 18:21:47,110918,111133,166,172,117.62,88.29,0,1
2024-05-07 18:21:48,111519,111415,166,176,120.35,88.58,0,1
2024-05-07 18:21:48,111049,111066,166,171,116.93,88.52,0,1
2024-05-07 18:21:49,110385,110514,166,166,113.51,88.45,0,1
2024-05-07 18:21:49,111082,111240,166,166,113.51,88.33,0,1
2024-05-07 18:21:49,110725,110727,166,166,113.51,88.21,0,1
2024-05-07 18:21:50,110904,109986,166,166,113.51,88.09,0,1
2024-05-07 18:21:50,110654,110861,187,171,116.93,88.09,0,1
2024-05-07 18:21:51,109808,110163,187,176,120.35,88.09,0,1
2024-05-07 18:21:51,110763,110880,187,181,123.77,88.09,0,1
2024-05-07 18:21:51,110081,110372,150,177,121.04,88.09,0,1
2024-05-07 18:21:52,110731,110807,214,184,125.82,88.09,0,1
2024-05-07 18:21:52,110288,110141,187,184,125.82,87.97,0,1
2024-05-07 18:21:53,110678,109733,187,184,125.82,87.96,0,1
2024-05-07 18:21:53,110226,110425,187,193,131.98,87.84,0,1
2024-05-07 18:21:53,109464,109967,150,177,121.04,87.72,0,1
2024-05-07 18:21:54,110420,110551,150,168,114.88,87.60,0,1
2024-05-07 18:21:54,109975,109925,150,159,108.73,87.48,0,1
2024-05-07 18:21:55,110449,109885,187,159,108.73,87.19,0,1
2024-05-07 18:21:55,109674,109823,187,168,114.88,87.10,0,1
2024-05-07 18:21:55,110114,109071,187,177,121.04,87.04,0,1
2024-05-07 18:21:56,109599,109862,88,162,110.78,87.51,0,1
2024-05-07 18:21:56,109514,109001,68,132,90.26,87.79,0,1
2024-05-07 18:21:57,109665,109886,68,102,69.75,87.60,0,1
2024-05-07 18:21:57,109102,109116,68,73,49.92,87.41,0,1
2024-05-07 18:21:57,109765,109943,107,77,52.65,87.28,0,1
2024-05-07 18:21:58,108942,109344,125,92,62.91,87.13,0,1
2024-05-07 18:21:58,109816,109951,136,109,74.54,86.98,0,1
2024-05-07 18:21:59,109266,109585,125,123,84.11,86.93,0,1
2024-05-07 18:21:59,109998,110087,136,130,88.90,86.83,0,1
2024-05-07 18:21:59,109298,109544,125,130,88.90,87.04,0,1
2024-05-07 18:22:00,109999,110075,136,130,88.90,86.75,0,1
2024-05-07 18:22:00,109268,109527,136,133,90.95,86.38,0,1
2024-05-07 18:22:01,110009,110103,136,133,90.95,85.91,0,1
2024-05-07 18:22:01,109436,109728,136,136,93.00,85.90,0,1
2024-05-07 18:22:01,110134,110195,136,136,93.00,85.92,0,1
2024-05-07 18:22:02,109690,109748,136,136,93.00,85.91,0,1
2024-05-07 18:22:02,110194,110261,150,139,95.05,85.90,0,1
2024-05-07 18:22:03,109605,109573,136,139,95.05,85.89,0,1
2024-05-07 18:22:03,109881,109899,136,139,95.05,85.65,0,1
2024-05-07 18:22:03,108799,108692,150,143,97.79,85.64,0,1
2024-05-07 18:22:04,108757,108618,150,143,97.79,85.63,0,1
2024-05-07 18:22:04,107524,107424,115,137,93.68,85.63,0,1
2024-05-07 18:22:05,107474,102995,115,132,90.26,85.63,0,1
2024-05-07 18:22:05,97608,97720,115,123,84.11,85.63,0,1
2024-05-07 18:22:05,71124,47591,125,117,80.01,85.62,0,1
2024-05-07 18:22:06,98393,98555,88,110,75.22,85.28,0,1
2024-05-07 18:22:06,98915,99036,115,110,75.22,84.95,0,1
2024-05-07 18:22:07,100481,100496,78,101,69.07,84.62,0,1
2024-05-07 18:22:07,100253,100166,78,89,60.86,84.54,0,1
2024-05-07 18:22:07,40891,1996,55,81,55.39,83.96,0,1
2024-05-07 18:22:08,1255,1285,65,69,47.18,83.39,0,1
