Timestamp,IR,Red,HeartRate,BeatAvg,FloatAvg,Spo2Avg,DF_robot_heartrate,ECG
2024-05-07 18:57:13,111104,112073,125,0,0.00,0.00,0,823
2024-05-07 18:57:13,111441,111463,125,0,0.00,0.00,0,1418
2024-05-07 18:57:14,111499,111499,125,0,0.00,0.00,0,1187
2024-05-07 18:57:14,111499,111558,125,0,0.00,0.00,0,2293
2024-05-07 18:57:15,111773,111763,125,0,0.00,0.00,0,2234
2024-05-07 18:57:15,111852,111868,125,0,0.00,0.00,0,2553
2024-05-07 18:57:15,111829,111854,125,0,0.00,0.00,0,1559
2024-05-07 18:57:16,111880,111851,125,0,0.00,0.00,0,1879
2024-05-07 18:57:16,111849,111860,125,0,0.00,0.00,0,2038
2024-05-07 18:57:17,111800,111790,125,0,0.00,0.00,0,1721
2024-05-07 18:57:17,111803,111808,125,0,0.00,0.00,0,1882
2024-05-07 18:57:17,111860,111843,125,0,0.00,0.00,0,2442
2024-05-07 18:57:18,111790,111776,125,0,0.00,0.00,0,1831
2024-05-07 18:57:18,111763,111770,125,0,0.00,0.00,0,2063
2024-05-07 18:57:19,111720,111693,125,0,0.00,0.00,0,2685
2024-05-07 18:57:19,111651,111653,125,0,0.00,0.00,0,1902
2024-05-07 18:57:19,111620,111625,125,0,0.00,0.00,0,2019
2024-05-07 18:57:20,111599,111541,125,0,0.00,0.00,0,3379
2024-05-07 18:57:20,111498,111418,125,0,0.00,0.00,0,1929
2024-05-07 18:57:21,110980,110951,125,0,0.00,0.00,0,2007
2024-05-07 18:57:21,110886,110971,125,0,0.00,0.00,0,2245
2024-05-07 18:57:21,110896,110872,125,0,0.00,0.00,0,2847
2024-05-07 18:57:22,110470,110340,125,0,0.00,0.00,0,0
2024-05-07 18:57:22,109679,109588,125,0,0.00,0.00,0,4095
2024-05-07 18:57:23,110946,110805,125,0,0.00,0.00,0,2181
2024-05-07 18:57:23,110399,110573,125,0,0.00,0.00,0,2899
2024-05-07 18:57:23,110536,110503,125,0,0.00,0.00,0,999
2024-05-07 18:57:24,110602,110523,125,0,0.00,0.00,0,1891
2024-05-07 18:57:24,110665,110713,125,0,0.00,0.00,0,1909
2024-05-07 18:57:25,110579,110572,125,0,0.00,0.00,0,2181
2024-05-07 18:57:25,110336,110128,125,0,0.00,0.00,0,1992
2024-05-07 18:57:25,110365,110373,125,0,0.00,0.00,0,2165
2024-05-07 18:57:26,110457,110487,125,0,0.00,0.00,0,1950
2024-05-07 18:57:26,110429,110415,125,0,0.00,0.00,0,1887
2024-05-07 18:57:27,110343,110320,125,0,0.00,0.00,0,1939
2024-05-07 18:57:27,110273,110274,125,0,0.00,0.00,0,1631
2024-05-07 18:57:27,110333,110355,125,0,0.00,0.00,0,2026
2024-05-07 18:57:28,110388,110401,125,0,0.00,0.00,0,2215
2024-05-07 18:57:28,110388,110381,125,0,0.00,0.00,0,1844
2024-05-07 18:57:29,110445,110445,125,0,0.00,0.00,0,2123
2024-05-07 18:57:29,110416,110386,125,0,0.00,0.00,0,2288
2024-05-07 18:57:29,110364,110370,125,0,0.00,0.00,0,1919
2024-05-07 18:57:30,110406,110419,125,0,0.00,0.00,0,1839
2024-05-07 18:57:30,110450,110485,125,0,0.00,0.00,0,1771
2024-05-07 18:57:31,110484,110459,125,0,0.00,0.00,0,2069
2024-05-07 18:57:31,110444,110464,125,0,0.00,0.00,0,2171
2024-05-07 18:57:31,110464,110467,125,0,0.00,0.00,0,1763
2024-05-07 18:57:32,110535,110552,125,0,0.00,0.00,0,2013
2024-05-07 18:57:32,110645,110657,125,0,0.00,0.00,0,1804
2024-05-07 18:57:33,110728,110741,125,0,0.00,0.00,0,1980
2024-05-07 18:57:33,110738,110768,125,0,0.00,0.00,0,1853
2024-05-07 18:57:33,110914,110953,125,0,0.00,0.00,0,1640
2024-05-07 18:57:34,111024,111055,125,0,0.00,0.00,0,1992
2024-05-07 18:57:34,111178,111211,125,0,0.00,0.00,0,2263
2024-05-07 18:57:35,111234,111223,125,0,0.00,0.00,0,1891
2024-05-07 18:57:35,111203,111196,125,0,0.00,0.00,0,2041
2024-05-07 18:57:35,111250,111236,125,0,0.00,0.00,0,2154
2024-05-07 18:57:36,111227,111232,125,0,0.00,0.00,0,1993
2024-05-07 18:57:36,111257,111258,125,0,0.00,0.00,0,1996
2024-05-07 18:57:37,111141,111126,125,0,0.00,0.00,0,1669
2024-05-07 18:57:37,111062,111045,125,0,0.00,0.00,0,2002
2024-05-07 18:57:37,111078,111088,125,0,0.00,0.00,0,2555
2024-05-07 18:57:38,111124,111132,125,0,0.00,0.00,0,1901
2024-05-07 18:57:38,111164,111164,125,0,0.00,0.00,0,2020
2024-05-07 18:57:39,111108,111114,125,0,0.00,0.00,0,1772
2024-05-07 18:57:39,111124,111115,125,0,0.00,0.00,0,2090
2024-05-07 18:57:39,111087,111077,125,0,0.00,0.00,0,2659
2024-05-07 18:57:40,110994,110980,125,0,0.00,0.00,0,1743
2024-05-07 18:57:40,110958,110959,125,0,0.00,0.00,0,1267
2024-05-07 18:57:41,111007,110995,125,0,0.00,0.00,0,1663
2024-05-07 18:57:41,111010,111013,125,0,0.00,0.00,0,2039
2024-05-07 18:57:41,111017,111016,125,0,0.00,0.00,0,2105
2024-05-07 18:57:42,110956,110941,125,0,0.00,0.00,0,1775
2024-05-07 18:57:42,110882,110852,125,0,0.00,0.00,0,1991
2024-05-07 18:57:43,110793,110780,125,0,0.00,0.00,0,2204
2024-05-07 18:57:43,110763,110775,125,0,0.00,0.00,0,1796
2024-05-07 18:57:43,110809,110823,125,0,0.00,0.00,0,2035
2024-05-07 18:57:44,110860,110856,125,0,0.00,0.00,0,2629
2024-05-07 18:57:44,110857,110860,125,0,0.00,0.00,0,1943
2024-05-07 18:57:45,110862,110846,125,0,0.00,0.00,0,2118
2024-05-07 18:57:45,110826,110826,125,0,0.00,0.00,0,2699
2024-05-07 18:57:45,110800,110800,125,0,0.00,0.00,0,1820
2024-05-07 18:57:46,110816,110822,125,0,0.00,0.00,0,2058
2024-05-07 18:57:46,110857,110855,125,0,0.00,0.00,0,2130
2024-05-07 18:57:47,110902,110904,125,0,0.00,0.00,0,2032
2024-05-07 18:57:47,110933,110945,125,0,0.00,0.00,0,2130
2024-05-07 18:57:47,110938,110919,125,0,0.00,0.00,0,1655
2024-05-07 18:57:48,110865,110851,125,0,0.00,0.00,0,1917
2024-05-07 18:57:48,110862,110857,125,0,0.00,0.00,0,3667
2024-05-07 18:57:49,110927,110944,125,0,0.00,0.00,0,1591
2024-05-07 18:57:49,110995,111005,125,0,0.00,0.00,0,2035
2024-05-07 18:57:49,111043,111041,125,0,0.00,0.00,0,1943
2024-05-07 18:57:50,110990,110979,125,0,0.00,0.00,0,1805
2024-05-07 18:57:50,110959,110948,125,0,0.00,0.00,0,1928
2024-05-07 18:57:51,110910,110914,125,0,0.00,0.00,0,2073
2024-05-07 18:57:51,110859,110862,125,0,0.00,0.00,0,1735
2024-05-07 18:57:51,110875,110885,125,0,0.00,0.00,0,2035
2024-05-07 18:57:52,110919,110922,125,0,0.00,0.00,0,2312
2024-05-07 18:57:52,110912,110914,125,0,0.00,0.00,0,1918
2024-05-07 18:57:53,110890,110879,125,0,0.00,0.00,0,2069
2024-05-07 18:57:53,110846,110838,214,147,100.52,97.97,0,2382
2024-05-07 18:57:54,110814,110815,214,169,115.57,97.97,0,1855
2024-05-07 18:57:54,110807,110816,214,191,130.61,97.97,0,2061
2024-05-07 18:57:54,110829,110829,250,223,152.49,97.99,0,2771
2024-05-07 18:57:55,110886,110896,250,232,158.65,98.00,0,1999
2024-05-07 18:57:55,110892,110891,214,232,158.65,98.02,0,2125
2024-05-07 18:57:55,110867,110847,214,232,158.65,98.04,0,2806
2024-05-07 18:57:56,110786,110783,214,223,152.49,98.06,0,1894
2024-05-07 18:57:56,110792,110793,214,214,146.34,98.08,0,1885
2024-05-07 18:57:57,110846,110862,250,223,152.49,98.09,0,1581
2024-05-07 18:57:57,110913,110911,250,232,158.65,98.10,0,2136
2024-05-07 18:57:57,110925,110921,214,232,158.65,98.11,0,2043
2024-05-07 18:57:58,110913,110909,214,232,158.65,98.12,0,1663
2024-05-07 18:57:58,110834,110830,214,223,152.49,98.13,0,1997
2024-05-07 18:57:59,110819,110819,250,223,152.49,98.14,0,1887
2024-05-07 18:57:59,110815,110804,250,232,158.65,98.15,0,1564
2024-05-07 18:58:00,110831,110845,250,241,164.80,98.16,0,2119
2024-05-07 18:58:00,110869,110870,250,250,170.96,98.17,0,2022
2024-05-07 18:58:00,110857,110840,250,250,170.96,98.18,0,1647
2024-05-07 18:58:01,110784,110772,250,250,170.96,98.19,0,2025
2024-05-07 18:58:01,110763,110750,250,250,170.96,98.20,0,2127
2024-05-07 18:58:01,110702,110695,250,250,170.96,98.21,0,1587
2024-05-07 18:58:02,110669,110667,250,250,170.96,98.22,0,2036
2024-05-07 18:58:02,110668,110663,250,250,170.96,98.23,0,2259
2024-05-07 18:58:03,110667,110671,250,250,170.96,98.24,0,1816
2024-05-07 18:58:03,110685,110668,214,241,164.80,98.18,0,2083
2024-05-07 18:58:03,110646,110640,214,232,158.65,98.12,0,2223
2024-05-07 18:58:04,110582,110574,214,223,152.49,98.08,0,1641
2024-05-07 18:58:04,110592,110593,214,214,146.34,98.04,0,2109
2024-05-07 18:58:05,110610,110623,214,214,146.34,97.99,0,2381
2024-05-07 18:58:05,110611,110602,187,207,141.55,97.96,0,1823
2024-05-07 18:58:06,110629,110628,187,200,136.76,97.93,0,2122
2024-05-07 18:58:06,110603,110592,187,193,131.98,97.86,0,2510
2024-05-07 18:58:06,110533,110526,187,187,127.87,97.80,0,1782
2024-05-07 18:58:07,110488,110479,187,187,127.87,97.72,0,1863
2024-05-07 18:58:07,110483,110484,214,193,131.98,97.65,0,2604
2024-05-07 18:58:07,110473,110482,214,200,136.76,97.58,0,1924
2024-05-07 18:58:08,110503,110515,187,200,136.76,97.49,0,2055
2024-05-07 18:58:08,110526,110516,187,200,136.76,97.40,0,2412
2024-05-07 18:58:09,110503,110510,187,193,131.98,97.31,0,1916
2024-05-07 18:58:09,110462,110457,187,187,127.87,97.22,0,2323
2024-05-07 18:58:09,110422,110399,187,187,127.87,97.13,0,1613
2024-05-07 18:58:10,110385,110395,214,193,131.98,97.09,0,1803
2024-05-07 18:58:10,110435,110449,214,200,136.76,97.00,0,2012
2024-05-07 18:58:11,110463,110468,187,200,136.76,96.91,0,1778
2024-05-07 18:58:11,110475,110491,166,195,133.35,96.82,0,1955
2024-05-07 18:58:12,110497,110478,166,183,125.14,96.73,0,2087
2024-05-07 18:58:12,110464,110452,187,176,120.35,96.56,0,1639
2024-05-07 18:58:12,110416,110404,187,176,120.35,96.47,0,1959
2024-05-07 18:58:13,110418,110414,166,176,120.35,96.20,0,2105
2024-05-07 18:58:13,110414,110414,250,197,134.71,95.93,0,1763
2024-05-07 18:58:13,110465,110485,187,197,134.71,95.71,0,2088
2024-05-07 18:58:14,110497,110493,187,197,134.71,95.57,0,2361
2024-05-07 18:58:14,110430,110390,187,202,138.13,95.43,0,1839
2024-05-07 18:58:15,110346,110326,187,187,127.87,95.29,0,1991
2024-05-07 18:58:15,110231,110219,187,187,127.87,95.06,0,2605
2024-05-07 18:58:15,110263,110277,250,202,138.13,95.02,0,1749
2024-05-07 18:58:16,110299,110301,250,218,149.07,94.88,0,2085
2024-05-07 18:58:16,110330,110329,187,218,149.07,94.84,0,2042
2024-05-07 18:58:17,110364,110372,187,218,149.07,94.80,0,1933
2024-05-07 18:58:17,110368,110357,187,202,138.13,94.76,0,2121
2024-05-07 18:58:18,110300,110279,187,187,127.87,94.72,0,1579
2024-05-07 18:58:18,110290,110314,187,187,127.87,94.68,0,1799
2024-05-07 18:58:18,110379,110360,187,187,127.87,94.64,0,2032
2024-05-07 18:58:19,110427,110439,187,187,127.87,94.61,0,1785
2024-05-07 18:58:19,110430,110438,187,187,127.87,94.58,0,1979
2024-05-07 18:58:19,110473,110490,187,187,127.87,94.55,0,3053
2024-05-07 18:58:20,110518,110490,187,187,127.87,94.41,0,2013
2024-05-07 18:58:20,110436,110418,187,187,127.87,94.27,0,1845
2024-05-07 18:58:21,110422,110439,187,187,127.87,94.13,0,1887
2024-05-07 18:58:21,110488,110510,187,187,127.87,94.06,0,1975
2024-05-07 18:58:21,110511,110501,187,187,127.87,93.99,0,2285
2024-05-07 18:58:22,110423,110393,187,187,127.87,93.92,0,2346
2024-05-07 18:58:22,110350,110375,166,181,123.77,93.81,0,3367
2024-05-07 18:58:23,110391,110387,166,176,120.35,93.70,0,1423
2024-05-07 18:58:23,110406,110383,150,167,114.20,93.66,0,1752
2024-05-07 18:58:24,110427,110450,150,158,108.04,93.62,0,2085
2024-05-07 18:58:24,110425,110426,150,154,105.31,93.51,0,2220
2024-05-07 18:58:24,110409,110410,150,150,102.57,93.40,0,1952
2024-05-07 18:58:25,110292,110275,166,154,105.31,93.29,0,2041
2024-05-07 18:58:25,110279,110270,166,158,108.04,93.26,0,2597
2024-05-07 18:58:25,110225,110228,166,162,110.78,93.23,0,1765
2024-05-07 18:58:26,110253,110246,166,166,113.51,93.20,0,2133
2024-05-07 18:58:26,110300,110312,136,158,108.04,93.10,0,1659
2024-05-07 18:58:27,110323,110336,136,151,103.26,93.00,0,2002
2024-05-07 18:58:27,110414,110416,136,143,97.79,92.90,0,2251
2024-05-07 18:58:27,110387,110383,166,143,97.79,92.79,0,1810
2024-05-07 18:58:28,110381,110379,166,151,103.26,92.73,0,2060
2024-05-07 18:58:28,110354,110350,166,158,108.04,92.67,0,2628
2024-05-07 18:58:29,110336,110365,166,166,113.51,92.61,0,1792
2024-05-07 18:58:29,110400,110412,166,166,113.51,92.55,0,2079
2024-05-07 18:58:30,110470,110470,166,166,113.51,92.49,0,1639
2024-05-07 18:58:30,110421,110406,166,166,113.51,92.43,0,2101
2024-05-07 18:58:30,110350,110334,166,166,113.51,92.37,0,2155
2024-05-07 18:58:31,110259,110257,166,166,113.51,92.31,0,1548
2024-05-07 18:58:31,110267,110269,187,171,116.93,92.26,0,1895
2024-05-07 18:58:31,110273,110267,166,171,116.93,92.15,0,2102
2024-05-07 18:58:32,110260,110246,166,171,116.93,92.06,0,1949
2024-05-07 18:58:32,110191,110186,150,167,114.20,91.97,0,2024
2024-05-07 18:58:33,110166,110173,150,158,108.04,91.91,0,1940
2024-05-07 18:58:33,110167,110180,136,150,102.57,91.82,0,1893
2024-05-07 18:58:33,110208,110218,136,143,97.79,91.73,0,2100
2024-05-07 18:58:34,110261,110264,136,139,95.05,91.64,0,2254
2024-05-07 18:58:34,110262,110254,136,136,93.00,91.53,0,2005
2024-05-07 18:58:35,110269,110275,136,136,93.00,91.43,0,2014
2024-05-07 18:58:35,110267,110269,115,130,88.90,91.32,0,2574
2024-05-07 18:58:36,110237,110248,136,130,88.90,91.21,0,1941
2024-05-07 18:58:36,110257,110280,115,125,85.48,91.13,0,2443
2024-05-07 18:58:36,110327,110323,115,120,82.06,91.04,0,1687
2024-05-07 18:58:37,110218,110216,115,120,82.06,90.96,0,2072
2024-05-07 18:58:37,110182,110178,115,115,78.64,90.88,0,2165
2024-05-07 18:58:37,110154,110150,115,115,78.64,90.80,0,1495
2024-05-07 18:58:38,110178,110163,115,115,78.64,90.72,0,1998
2024-05-07 18:58:38,110204,110220,150,123,84.11,90.65,0,2102
2024-05-07 18:58:39,110248,110230,150,132,90.26,90.58,0,2005
2024-05-07 18:58:39,110055,110044,107,130,88.90,90.53,0,3326
2024-05-07 18:58:39,110003,109984,107,128,87.53,90.35,0,1635
2024-05-07 18:58:40,110005,110032,187,137,93.68,90.30,0,1895
2024-05-07 18:58:40,110092,110107,187,147,100.52,90.28,0,2188
2024-05-07 18:58:41,110135,110151,187,167,114.20,90.24,0,1671
2024-05-07 18:58:41,110131,110119,187,187,127.87,90.20,0,1991
2024-05-07 18:58:42,110060,110025,214,193,131.98,90.15,0,2406
2024-05-07 18:58:42,110003,110014,187,193,131.98,90.11,0,1725
2024-05-07 18:58:42,110073,110071,187,193,131.98,90.07,0,1939
2024-05-07 18:58:43,110111,110099,187,193,131.98,90.03,0,1824
2024-05-07 18:58:43,110113,110112,187,187,127.87,90.08,0,1853
2024-05-07 18:58:43,110065,110047,187,187,127.87,90.13,0,2102
2024-05-07 18:58:44,109996,109967,187,187,127.87,90.16,0,1366
2024-05-07 18:58:44,109970,109971,187,187,127.87,90.20,0,1728
2024-05-07 18:58:45,109983,110000,187,187,127.87,90.25,0,2088
2024-05-07 18:58:45,110004,110016,214,193,131.98,90.28,0,1675
2024-05-07 18:58:45,109998,110008,214,200,136.76,90.31,0,1816
2024-05-07 18:58:46,110018,110027,214,207,141.55,90.38,0,2030
2024-05-07 18:58:46,109915,109908,187,207,141.55,90.43,0,1707
2024-05-07 18:58:47,109858,109860,187,200,136.76,90.50,0,1797
2024-05-07 18:58:47,109831,109841,187,193,131.98,90.56,0,1271
2024-05-07 18:58:48,109843,109858,214,193,131.98,90.62,0,1821
2024-05-07 18:58:48,109913,109935,214,200,136.76,90.70,0,2012
2024-05-07 18:58:48,109962,109980,214,207,141.55,90.78,0,1931
2024-05-07 18:58:49,109992,109982,214,214,146.34,90.86,0,1878
2024-05-07 18:58:49,109955,109936,214,214,146.34,90.94,0,2111
2024-05-07 18:58:49,109904,109905,214,214,146.34,91.02,0,2095
2024-05-07 18:58:50,109873,109873,214,214,146.34,91.05,0,1678
2024-05-07 18:58:50,109888,109892,214,214,146.34,91.13,0,1977
2024-05-07 18:58:51,109911,109910,214,214,146.34,91.21,0,2269
2024-05-07 18:58:51,109975,109975,214,214,146.34,91.29,0,1911
2024-05-07 18:58:51,109987,110004,214,214,146.34,91.37,0,2065
2024-05-07 18:58:52,109994,109977,214,214,146.34,91.53,0,2439
2024-05-07 18:58:52,109897,109884,214,214,146.34,91.61,0,1892
2024-05-07 18:58:53,109854,109864,214,214,146.34,91.87,0,1902
2024-05-07 18:58:53,109828,109827,250,223,152.49,92.12,0,2537
2024-05-07 18:58:54,109864,109878,250,232,158.65,92.34,0,1941
2024-05-07 18:58:54,109889,109902,214,232,158.65,92.48,0,2333
2024-05-07 18:58:54,109901,109893,214,232,158.65,92.62,0,2091
2024-05-07 18:58:55,109912,109911,187,216,147.71,92.73,0,1962
2024-05-07 18:58:55,109957,109954,187,200,136.76,92.93,0,2569
2024-05-07 18:58:55,109894,109870,187,193,131.98,92.96,0,1674
2024-05-07 18:58:56,109769,109753,187,187,127.87,93.07,0,1855
2024-05-07 18:58:56,109732,109751,187,187,127.87,93.08,0,1779
2024-05-07 18:58:57,109757,109769,187,187,127.87,93.09,0,1606
2024-05-07 18:58:57,109802,109816,187,187,127.87,93.10,0,2040
2024-05-07 18:58:57,109799,109817,187,187,127.87,93.11,0,2073
2024-05-07 18:58:58,109818,109826,187,187,127.87,93.12,0,1592
2024-05-07 18:58:58,109787,109782,187,187,127.87,93.13,0,2093
2024-05-07 18:58:59,109721,109705,187,187,127.87,93.13,0,2136
2024-05-07 18:58:59,109654,109645,214,193,131.98,93.13,0,1555
2024-05-07 18:59:00,109678,109688,214,200,136.76,93.13,0,1993
2024-05-07 18:59:00,109758,109754,214,207,141.55,93.24,0,2451
2024-05-07 18:59:00,109757,109753,214,214,146.34,93.35,0,1733
2024-05-07 18:59:01,109833,109842,214,214,146.34,93.46,0,1938
2024-05-07 18:59:01,109853,109839,214,214,146.34,93.50,0,2745
2024-05-07 18:59:01,109813,109811,214,214,146.34,93.54,0,1822
2024-05-07 18:59:02,109763,109753,214,214,146.34,93.58,0,1916
2024-05-07 18:59:02,109730,109733,214,214,146.34,93.66,0,2439
2024-05-07 18:59:03,109739,109753,214,214,146.34,93.74,0,1801
2024-05-07 18:59:03,109803,109802,187,207,141.55,93.77,0,3610
2024-05-07 18:59:03,109816,109804,187,200,136.76,93.80,0,1820
2024-05-07 18:59:04,109775,109766,187,193,131.98,93.90,0,1815
2024-05-07 18:59:04,109790,109774,166,181,123.77,94.00,0,1527
2024-05-07 18:59:05,109743,109724,166,176,120.35,94.10,0,1611
2024-05-07 18:59:05,109704,109680,187,176,120.35,94.13,0,1961
2024-05-07 18:59:06,109586,109599,166,171,116.93,94.16,0,1907
2024-05-07 18:59:06,109625,109639,166,171,116.93,94.19,0,1508
2024-05-07 18:59:06,109682,109688,166,171,116.93,94.29,0,2002
2024-05-07 18:59:07,109739,109737,166,166,113.51,94.39,0,2237
2024-05-07 18:59:07,109718,109721,166,166,113.51,94.49,0,1684
2024-05-07 18:59:07,109745,109742,166,166,113.51,94.60,0,1989
2024-05-07 18:59:08,109656,109632,187,171,116.93,94.66,0,2379
2024-05-07 18:59:08,109581,109573,214,183,125.14,94.72,0,1646
2024-05-07 18:59:09,109566,109561,214,195,133.35,94.78,0,1891
2024-05-07 18:59:09,109615,109617,214,207,141.55,94.84,0,1967
2024-05-07 18:59:09,109658,109665,214,214,146.34,94.90,0,1881
2024-05-07 18:59:10,109616,109628,214,214,146.34,94.96,0,1963
2024-05-07 18:59:10,109602,109584,214,214,146.34,95.02,0,1508
2024-05-07 18:59:11,109533,109513,214,214,146.34,95.08,0,1892
2024-05-07 18:59:11,109479,109473,187,207,141.55,95.14,0,2060
2024-05-07 18:59:12,109395,109392,214,207,141.55,95.25,0,1563
2024-05-07 18:59:12,109413,109411,187,200,136.76,95.34,0,1927
2024-05-07 18:59:12,109429,109452,187,193,131.98,95.43,0,2027
2024-05-07 18:59:13,109497,109510,187,193,131.98,95.52,0,1718
2024-05-07 18:59:13,109516,109512,166,181,123.77,95.59,0,1998
2024-05-07 18:59:13,109491,109478,166,176,120.35,95.66,0,2101
2024-05-07 18:59:14,109377,109359,166,171,116.93,95.74,0,1742
2024-05-07 18:59:14,109324,109303,166,166,113.51,95.82,0,1940
2024-05-07 18:59:15,109306,109305,166,166,113.51,95.90,0,1980
2024-05-07 18:59:15,109321,109326,166,166,113.51,95.99,0,1901
2024-05-07 18:59:15,109322,109285,166,166,113.51,96.08,0,2037
2024-05-07 18:59:16,109279,109307,166,166,113.51,96.13,0,2375
2024-05-07 18:59:16,109333,109301,166,166,113.51,96.20,0,1855
2024-05-07 18:59:17,109331,109299,166,166,113.51,96.25,0,1951
2024-05-07 18:59:17,109338,109299,166,166,113.51,96.30,0,2599
2024-05-07 18:59:18,109217,109236,166,166,113.51,96.36,0,2250
2024-05-07 18:59:18,109235,109235,136,158,108.04,96.38,0,2159
2024-05-07 18:59:18,109229,109221,187,163,111.46,96.36,0,2035
2024-05-07 18:59:19,109216,109209,187,169,115.57,96.37,0,1804
2024-05-07 18:59:19,109245,109273,187,174,118.99,96.32,0,2148
2024-05-07 18:59:19,109313,109332,187,187,127.87,96.40,0,1755
2024-05-07 18:59:20,109389,109394,187,187,127.87,96.36,0,2099
2024-05-07 18:59:20,109389,109395,187,187,127.87,96.27,0,2396
2024-05-07 18:59:21,109315,109277,187,187,127.87,96.24,0,1786
2024-05-07 18:59:21,109209,109189,250,202,138.13,96.21,0,1957
2024-05-07 18:59:21,109141,109126,187,202,138.13,96.16,0,2045
2024-05-07 18:59:22,109118,109130,187,202,138.13,96.10,0,1723
2024-05-07 18:59:22,109202,109226,187,202,138.13,96.04,0,2199
2024-05-07 18:59:23,109235,109244,187,187,127.87,95.98,0,1679
2024-05-07 18:59:23,109308,109300,187,187,127.87,95.94,0,1957
2024-05-07 18:59:24,109343,109313,187,187,127.87,95.89,0,2237
2024-05-07 18:59:24,109241,109229,187,187,127.87,95.89,0,1735
2024-05-07 18:59:24,109187,109158,187,187,127.87,95.87,0,1879
2024-05-07 18:59:25,109104,109089,187,187,127.87,95.85,0,2336
2024-05-07 18:59:25,109114,109131,187,187,127.87,95.83,0,1790
2024-05-07 18:59:25,109132,109131,187,187,127.87,95.77,0,2020
2024-05-07 18:59:26,109250,109268,187,187,127.87,95.71,0,1584
2024-05-07 18:59:26,109323,109328,187,187,127.87,95.69,0,1880
2024-05-07 18:59:27,109314,109319,187,187,127.87,95.64,0,1989
2024-05-07 18:59:27,109200,109197,187,187,127.87,95.61,0,1632
2024-05-07 18:59:27,109166,109152,187,187,127.87,95.58,0,1895
2024-05-07 18:59:28,109120,109124,187,187,127.87,95.55,0,1692
2024-05-07 18:59:28,109152,109149,187,187,127.87,95.52,0,1882
2024-05-07 18:59:29,109166,109178,187,187,127.87,95.48,0,2040
2024-05-07 18:59:29,109234,109226,187,187,127.87,95.44,0,2127
2024-05-07 18:59:30,109709,110055,187,187,127.87,95.40,0,1868
2024-05-07 18:59:30,111002,111036,187,187,127.87,95.36,0,1702
2024-05-07 18:59:30,111795,110372,187,187,127.87,95.32,0,1785
2024-05-07 18:59:31,15645,5754,-999,187,127.87,95.32,0,2391
2024-05-07 18:59:38,1034,1040,125,0,0.00,0.00,0,4095
2024-05-07 18:59:45,1039,1035,125,0,0.00,0.00,0,4095
2024-05-07 18:59:52,1035,1030,125,0,0.00,0.00,0,4095
2024-05-07 19:00:00,1039,1039,125,0,0.00,0.00,0,4095
2024-05-07 19:00:07,1054,1045,125,0,0.00,0.00,0,4095
