Timestamp,IR,Red,HeartRate,BeatAvg,FloatAvg,Spo2Avg,DF_robot_heartrate,ECG
2024-05-07 18:43:15,96463,96366,125,0,0.00,0.00,0,1873
2024-05-07 18:43:15,96491,96531,125,0,0.00,0.00,0,2584
2024-05-07 18:43:15,96719,96672,125,0,0.00,0.00,0,2680
2024-05-07 18:43:16,96818,96860,125,0,0.00,0.00,0,4095
2024-05-07 18:43:16,96977,96896,125,0,0.00,0.00,0,4095
2024-05-07 18:43:17,96802,96786,125,0,0.00,0.00,0,4095
2024-05-07 18:43:17,96764,96717,125,0,0.00,0.00,0,4095
2024-05-07 18:43:17,96506,96469,125,0,0.00,0.00,0,4095
2024-05-07 18:43:18,96395,96549,125,0,0.00,0.00,0,4095
2024-05-07 18:43:18,96336,96472,125,0,0.00,0.00,0,4095
2024-05-07 18:43:19,95945,96156,125,0,0.00,0.00,0,4095
2024-05-07 18:43:19,96512,96842,88,138,94.37,98.03,0,4095
2024-05-07 18:43:19,97119,97135,88,128,87.53,98.04,0,4095
2024-05-07 18:43:20,96965,96934,88,119,81.37,98.05,0,4095
2024-05-07 18:43:20,96882,96834,88,88,60.18,98.06,0,4095
2024-05-07 18:43:21,96809,96834,88,88,60.18,98.07,0,4095
2024-05-07 18:43:21,96783,96827,100,91,62.23,98.08,0,4095
2024-05-07 18:43:21,96917,96946,100,94,64.28,98.05,0,4095
2024-05-07 18:43:22,96939,96967,100,97,66.33,98.02,0,4095
2024-05-07 18:43:22,97041,97043,100,100,68.38,97.91,0,4095
2024-05-07 18:43:23,96948,96967,100,100,68.38,97.80,0,4095
2024-05-07 18:43:23,97017,97009,100,100,68.38,97.77,0,4095
2024-05-07 18:43:23,97152,97169,115,103,70.43,97.66,0,4095
2024-05-07 18:43:24,97203,97204,115,107,73.17,97.68,0,4095
2024-05-07 18:43:24,97263,97220,100,107,73.17,97.57,0,4095
2024-05-07 18:43:25,97259,97289,100,107,73.17,97.46,0,4095
2024-05-07 18:43:25,97181,97162,100,103,70.43,97.35,0,4095
2024-05-07 18:43:25,97223,97153,100,100,68.38,97.33,0,4095
2024-05-07 18:43:26,97150,97039,115,103,70.43,97.31,0,4095
2024-05-07 18:43:26,97167,97147,115,107,73.17,97.29,0,4095
2024-05-07 18:43:27,97044,97036,107,109,74.54,97.27,0,3689
2024-05-07 18:43:27,97080,97060,107,111,75.90,97.25,0,4015
2024-05-07 18:43:27,97053,97045,100,107,73.17,97.23,0,3655
2024-05-07 18:43:28,97069,96961,100,103,70.43,97.21,0,3047
2024-05-07 18:43:28,97028,97048,100,101,69.07,97.22,0,3116
2024-05-07 18:43:29,97058,97043,83,95,64.96,97.19,0,3853
2024-05-07 18:43:29,97020,97026,115,99,67.70,97.17,0,1932
2024-05-07 18:43:29,97060,96952,136,108,73.85,97.14,0,2454
2024-05-07 18:43:30,97005,97015,115,112,76.59,97.03,0,1962
2024-05-07 18:43:30,96887,96946,115,120,82.06,96.92,0,1109
2024-05-07 18:43:31,96992,97014,115,120,82.06,96.82,0,1159
2024-05-07 18:43:31,96886,96913,187,133,90.95,96.31,0,1575
2024-05-07 18:43:31,96989,96975,187,151,103.26,95.80,0,1207
2024-05-07 18:43:32,96851,96904,214,175,119.67,95.75,0,0
2024-05-07 18:43:32,96955,96950,187,193,131.98,95.68,0,301
2024-05-07 18:43:33,96855,96866,187,193,131.98,95.61,0,0
2024-05-07 18:43:33,96904,96914,187,193,131.98,95.40,0,0
2024-05-07 18:43:33,96834,96834,187,187,127.87,95.11,0,0
2024-05-07 18:43:34,96744,96766,187,187,127.87,94.87,0,0
2024-05-07 18:43:34,96822,96833,187,187,127.87,94.63,0,0
2024-05-07 18:43:35,96728,96753,187,187,127.87,94.35,0,0
2024-05-07 18:43:35,96828,96826,187,187,127.87,94.07,0,0
2024-05-07 18:43:35,96704,96748,187,187,127.87,93.92,0,0
2024-05-07 18:43:36,96810,96815,214,193,131.98,93.90,0,0
2024-05-07 18:43:36,96722,96752,214,200,136.76,93.84,0,0
2024-05-07 18:43:37,96778,96791,214,207,141.55,93.84,0,0
2024-05-07 18:43:37,96739,96673,214,214,146.34,93.78,0,0
2024-05-07 18:43:37,96751,96763,214,214,146.34,93.72,0,0
2024-05-07 18:43:38,96659,96679,214,214,146.34,93.66,0,0
2024-05-07 18:43:38,96723,96752,166,202,138.13,93.60,0,0
2024-05-07 18:43:39,96700,96745,166,190,129.93,93.54,0,0
2024-05-07 18:43:39,96797,96814,187,183,125.14,93.52,0,146
2024-05-07 18:43:39,96726,96753,166,171,116.93,93.52,0,623
2024-05-07 18:43:40,96816,96814,166,171,116.93,92.59,0,108
2024-05-07 18:43:40,96770,96628,166,171,116.93,92.43,0,1556
2024-05-07 18:43:41,96685,96717,166,166,113.51,92.27,0,598
2024-05-07 18:43:41,96660,96618,166,166,113.51,92.27,0,294
2024-05-07 18:43:41,96718,96732,166,166,113.51,92.27,0,1891
2024-05-07 18:43:42,96763,96646,166,166,113.51,92.16,0,1323
2024-05-07 18:43:42,96742,96756,166,166,113.51,92.06,0,1463
2024-05-07 18:43:43,96684,96631,166,166,113.51,91.95,0,3126
2024-05-07 18:43:43,96725,96749,166,166,113.51,91.84,0,2357
2024-05-07 18:43:43,96624,96657,150,162,110.78,91.82,0,4095
2024-05-07 18:43:44,96719,96758,150,158,108.04,91.80,0,4095
2024-05-07 18:43:44,96748,96635,150,154,105.31,91.78,0,4095
2024-05-07 18:43:45,96744,96780,150,150,102.57,91.76,0,4095
2024-05-07 18:43:45,96801,96691,150,150,102.57,91.74,0,4095
2024-05-07 18:43:45,96732,96747,136,146,99.84,91.72,0,4095
2024-05-07 18:43:46,96638,96666,136,143,97.79,91.70,0,4095
2024-05-07 18:43:46,96685,96718,125,136,93.00,91.46,0,4095
2024-05-07 18:43:47,96606,96615,125,130,88.90,91.22,0,4095
2024-05-07 18:43:47,96683,96693,125,127,86.85,90.98,0,4095
2024-05-07 18:43:47,96597,96618,125,125,85.48,90.98,0,4095
2024-05-07 18:43:48,96677,96690,166,135,92.32,90.98,0,4095
2024-05-07 18:43:48,96590,96587,166,145,99.15,90.98,0,4095
2024-05-07 18:43:49,97085,96907,166,155,105.99,90.98,0,4095
2024-05-07 18:43:49,69027,94109,-999,155,105.99,90.98,0,4095
2024-05-07 18:43:56,1385,1377,125,0,0.00,0.00,0,1560
2024-05-07 18:44:02,98073,93320,125,0,0.00,0.00,0,4095
2024-05-07 18:44:02,93799,93746,125,0,0.00,0.00,0,4095
2024-05-07 18:44:03,94521,94061,125,0,0.00,0.00,0,4095
2024-05-07 18:44:03,94805,94652,125,0,0.00,0.00,0,4095
2024-05-07 18:44:03,94470,94477,125,0,0.00,0.00,0,4095
2024-05-07 18:44:04,94188,94181,125,0,0.00,0.00,0,4095
2024-05-07 18:44:04,95852,96353,125,0,0.00,0.00,0,4095
2024-05-07 18:44:05,95183,94897,125,0,0.00,0.00,0,4095
2024-05-07 18:44:05,95061,95078,125,0,0.00,0.00,0,4095
2024-05-07 18:44:05,95302,95623,125,0,0.00,0.00,0,4095
2024-05-07 18:44:06,95151,95270,125,0,0.00,0.00,0,4095
2024-05-07 18:44:06,95591,95445,125,0,0.00,0.00,0,4095
2024-05-07 18:44:07,95371,95592,125,0,0.00,0.00,0,4095
2024-05-07 18:44:07,95293,95495,125,0,0.00,0.00,0,4095
2024-05-07 18:44:07,94403,94047,125,0,0.00,0.00,0,4095
2024-05-07 18:44:08,93982,94066,125,0,0.00,0.00,0,4095
2024-05-07 18:44:08,94826,94965,125,0,0.00,0.00,0,4095
2024-05-07 18:44:09,94559,94829,125,0,0.00,0.00,0,4095
2024-05-07 18:44:09,95327,95350,125,0,0.00,0.00,0,4095
2024-05-07 18:44:09,94662,94552,125,0,0.00,0.00,0,4095
2024-05-07 18:44:10,94005,94225,125,0,0.00,0.00,0,4095
2024-05-07 18:44:10,95003,95078,125,0,0.00,0.00,0,4095
2024-05-07 18:44:11,94741,94770,125,0,0.00,0.00,0,4095
2024-05-07 18:44:11,94649,94719,125,0,0.00,0.00,0,4095
2024-05-07 18:44:11,94937,95000,125,0,0.00,0.00,0,4095
2024-05-07 18:44:12,94932,94851,125,0,0.00,0.00,0,4095
2024-05-07 18:44:12,94638,94741,125,0,0.00,0.00,0,4095
2024-05-07 18:44:13,94895,94924,125,0,0.00,0.00,0,4095
2024-05-07 18:44:13,94736,94701,125,0,0.00,0.00,0,4095
2024-05-07 18:44:13,94488,94468,125,0,0.00,0.00,0,4095
2024-05-07 18:44:14,94584,94591,125,0,0.00,0.00,0,4095
2024-05-07 18:44:14,94465,94475,125,0,0.00,0.00,0,4095
2024-05-07 18:44:15,94514,94525,125,0,0.00,0.00,0,4095
2024-05-07 18:44:15,94552,94559,125,0,0.00,0.00,0,4095
2024-05-07 18:44:15,94618,94500,125,0,0.00,0.00,0,4095
2024-05-07 18:44:16,94525,94526,125,0,0.00,0.00,0,4095
2024-05-07 18:44:16,94381,94468,125,0,0.00,0.00,0,4095
2024-05-07 18:44:17,94915,66314,125,0,0.00,0.00,0,4095
2024-05-07 18:44:17,92539,92313,125,0,0.00,0.00,0,4095
2024-05-07 18:44:17,91839,92045,125,0,0.00,0.00,0,4095
2024-05-07 18:44:18,92189,92188,125,0,0.00,0.00,0,4095
2024-05-07 18:44:18,92630,92750,125,0,0.00,0.00,0,4095
2024-05-07 18:44:19,92970,92997,125,0,0.00,0.00,0,4095
2024-05-07 18:44:19,93110,93110,125,0,0.00,0.00,0,4095
2024-05-07 18:44:19,93075,93076,125,0,0.00,0.00,0,4095
2024-05-07 18:44:20,93124,93142,125,0,0.00,0.00,0,4095
2024-05-07 18:44:20,93118,93102,125,0,0.00,0.00,0,4095
2024-05-07 18:44:21,93149,93164,125,0,0.00,0.00,0,4095
2024-05-07 18:44:21,93205,93233,125,0,0.00,0.00,0,4095
2024-05-07 18:44:21,93304,93318,125,0,0.00,0.00,0,4095
2024-05-07 18:44:22,93200,93245,125,0,0.00,0.00,0,4095
2024-05-07 18:44:22,93269,93274,125,0,0.00,0.00,0,4095
2024-05-07 18:44:23,93154,93234,125,0,0.00,0.00,0,4095
2024-05-07 18:44:23,93298,93307,125,0,0.00,0.00,0,4095
2024-05-07 18:44:23,93266,93175,125,0,0.00,0.00,0,4095
2024-05-07 18:44:24,93264,93280,125,0,0.00,0.00,0,4095
2024-05-07 18:44:24,93114,93116,125,0,0.00,0.00,0,4095
2024-05-07 18:44:25,93178,93187,125,0,0.00,0.00,0,4095
2024-05-07 18:44:25,92932,93028,125,0,0.00,0.00,0,4095
2024-05-07 18:44:25,93129,93215,125,0,0.00,0.00,0,4095
2024-05-07 18:44:26,93314,93390,125,0,0.00,0.00,0,4095
2024-05-07 18:44:26,93619,93585,125,0,0.00,0.00,0,4095
2024-05-07 18:44:27,93544,93588,125,0,0.00,0.00,0,4095
2024-05-07 18:44:27,93325,93315,125,0,0.00,0.00,0,4095
2024-05-07 18:44:27,92773,92674,125,0,0.00,0.00,0,4095
2024-05-07 18:44:28,92836,92912,125,0,0.00,0.00,0,4095
2024-05-07 18:44:28,93370,93392,125,0,0.00,0.00,0,4095
2024-05-07 18:44:29,93348,93335,125,0,0.00,0.00,0,4095
2024-05-07 18:44:29,93179,93177,125,0,0.00,0.00,0,4095
2024-05-07 18:44:29,93338,93365,125,0,0.00,0.00,0,4095
2024-05-07 18:44:30,93332,93402,125,0,0.00,0.00,0,4095
2024-05-07 18:44:30,93605,93660,125,0,0.00,0.00,0,4095
2024-05-07 18:44:31,93510,93615,125,0,0.00,0.00,0,4095
2024-05-07 18:44:31,93799,93860,125,0,0.00,0.00,0,0
2024-05-07 18:44:31,93751,93907,125,0,0.00,0.00,0,1014
2024-05-07 18:44:32,93962,93986,125,0,0.00,0.00,0,4095
2024-05-07 18:44:32,93365,93572,125,0,0.00,0.00,0,4095
2024-05-07 18:44:33,93907,93951,125,0,0.00,0.00,0,4095
2024-05-07 18:44:33,93861,93830,125,0,0.00,0.00,0,4095
2024-05-07 18:44:33,93851,93948,125,0,0.00,0.00,0,4095
2024-05-07 18:44:34,93854,93701,125,0,0.00,0.00,0,4095
2024-05-07 18:44:34,93989,94003,125,0,0.00,0.00,0,4095
2024-05-07 18:44:35,93595,93625,125,0,0.00,0.00,0,4095
2024-05-07 18:44:35,93866,93844,125,0,0.00,0.00,0,4095
2024-05-07 18:44:35,93607,93766,125,0,0.00,0.00,0,4095
2024-05-07 18:44:36,94058,94086,125,0,0.00,0.00,0,4095
2024-05-07 18:44:36,93845,93854,125,0,0.00,0.00,0,621
2024-05-07 18:44:37,93969,94058,125,0,0.00,0.00,0,4095
2024-05-07 18:44:37,93884,94020,125,0,0.00,0.00,0,4095
2024-05-07 18:44:37,94246,94287,125,0,0.00,0.00,0,4095
2024-05-07 18:44:38,94217,94164,125,0,0.00,0.00,0,4095
2024-05-07 18:44:38,94245,94243,125,0,0.00,0.00,0,4095
2024-05-07 18:44:39,94120,94073,125,0,0.00,0.00,0,4095
2024-05-07 18:44:39,94242,94256,125,0,0.00,0.00,0,4095
2024-05-07 18:44:39,94068,94095,125,0,0.00,0.00,0,4095
2024-05-07 18:44:40,94183,94200,125,0,0.00,0.00,0,4095
2024-05-07 18:44:40,94030,94089,125,0,0.00,0.00,0,4095
2024-05-07 18:44:41,94075,94081,125,0,0.00,0.00,0,4095
2024-05-07 18:44:41,93666,93727,125,0,0.00,0.00,0,4095
2024-05-07 18:44:41,93954,93967,150,153,104.62,0.00,0,4095
2024-05-07 18:44:42,93544,93713,150,159,108.73,0.00,0,4095
2024-05-07 18:44:42,93768,93774,150,166,113.51,0.00,0,0
2024-05-07 18:44:43,93253,93427,150,150,102.57,0.00,0,0
2024-05-07 18:44:43,93623,93683,150,150,102.57,0.00,0,4095
2024-05-07 18:44:43,93784,93842,150,150,102.57,0.00,0,4095
2024-05-07 18:44:44,94022,94092,150,150,102.57,0.00,0,4095
2024-05-07 18:44:44,94042,94038,166,154,105.31,0.00,0,4095
2024-05-07 18:44:45,94196,94288,166,158,108.04,0.00,0,4095
2024-05-07 18:44:45,94216,94166,125,151,103.26,0.00,0,4095
2024-05-07 18:44:45,94175,94231,150,151,103.26,0.00,0,4095
2024-05-07 18:44:46,94260,94388,166,151,103.26,0.00,0,4095
2024-05-07 18:44:46,94219,94150,166,151,103.26,0.00,0,4095
2024-05-07 18:44:47,93975,93949,166,162,110.78,97.16,0,4095
2024-05-07 18:44:47,93954,93957,166,166,113.51,97.18,0,4095
2024-05-07 18:44:47,93734,93689,166,166,113.51,97.20,0,4095
2024-05-07 18:44:48,93707,93753,166,166,113.51,97.22,0,4095
2024-05-07 18:44:48,93804,93709,214,178,121.72,97.22,0,4095
2024-05-07 18:44:49,93746,93775,214,190,129.93,97.22,0,4095
2024-05-07 18:44:49,93634,93695,214,202,138.13,97.22,0,4095
2024-05-07 18:44:49,93797,93836,214,214,146.34,97.22,0,4095
2024-05-07 18:44:50,94086,94078,214,214,146.34,97.22,0,4095
2024-05-07 18:44:50,93900,93892,250,223,152.49,97.22,0,4095
2024-05-07 18:44:51,93724,93895,115,198,135.40,97.22,0,4095
2024-05-07 18:44:51,93987,93978,115,173,118.30,97.22,0,4095
2024-05-07 18:44:51,93791,93844,100,145,99.15,97.23,0,4095
2024-05-07 18:44:52,93941,93882,100,107,73.17,97.24,0,4095
2024-05-07 18:44:52,93343,93220,100,103,70.43,97.26,0,4095
2024-05-07 18:44:53,23654,55117,50,87,59.49,97.28,0,4095
2024-05-07 18:44:55,105427,105477,100,87,59.49,97.29,0,4095
2024-05-07 18:44:55,105686,105748,100,87,59.49,97.30,0,4095
2024-05-07 18:44:56,105844,105509,115,91,62.23,97.30,0,4095
2024-05-07 18:44:56,105640,105731,125,110,75.22,97.30,0,4095
2024-05-07 18:44:58,890,908,51,97,66.33,97.17,0,4095
