Timestamp,IR,Red,HeartRate,BeatAvg,FloatAvg,Spo2Avg,DF_robot_heartrate,ECG
2024-05-07 18:34:44,121018,121196,115,81,55.39,0.00,0,1
2024-05-07 18:34:44,121257,121289,115,96,65.65,97.88,0,1
2024-05-07 18:34:44,120904,121058,125,113,77.27,97.76,0,1
2024-05-07 18:34:45,121275,121275,125,120,82.06,97.76,0,1
2024-05-07 18:34:45,121456,121618,125,122,83.43,97.70,0,1
2024-05-07 18:34:45,122455,122508,115,122,83.43,97.69,0,1
2024-05-07 18:34:46,122473,122746,115,120,82.06,97.69,0,1
2024-05-07 18:34:46,123543,123550,115,117,80.01,97.37,0,1
2024-05-07 18:34:47,123544,123541,125,117,80.01,96.60,0,1
2024-05-07 18:34:47,123539,123468,125,120,82.06,95.92,0,1
2024-05-07 18:34:47,123537,123548,125,122,83.43,95.24,0,1
2024-05-07 18:34:48,123590,123527,125,125,85.48,94.56,0,1
2024-05-07 18:34:48,123590,123599,125,125,85.48,93.88,0,1
2024-05-07 18:34:49,123610,123520,107,120,82.06,93.34,0,1
2024-05-07 18:34:49,123549,123559,166,130,88.90,93.34,0,1
2024-05-07 18:34:50,123467,123507,166,141,96.42,93.34,0,1
2024-05-07 18:34:50,123527,123536,166,151,103.26,93.34,0,1
2024-05-07 18:34:50,123411,123446,166,166,113.51,93.34,0,1
2024-05-07 18:34:51,123440,123440,187,171,116.93,93.34,0,1
2024-05-07 18:34:51,123320,123322,187,176,120.35,93.34,0,1
2024-05-07 18:34:51,123361,123355,187,181,123.77,93.34,0,1
2024-05-07 18:34:52,123273,123267,136,174,118.99,92.77,0,1
2024-05-07 18:34:52,123259,123266,136,161,110.10,92.20,0,1
